10000,61.22
10001,60.58
10002,61.34
10003,56.90
10004,51.06
10005,62.61
10006,53.11
10007,60.30
10008,64.80
10009,59.87
10010,61.22
10011,49.98
10012,45.80
10013,64.79
10014,47.81
10015,50.97
10016,51.10
10017,58.05
10018,49.31
10019,50.22
10020,58.28
10021,47.22
10022,57.17
10023,50.90
10024,46.41
10025,59.58
10026,50.71
10027,55.20
10028,52.02
10029,54.94
10030,63.77
10031,59.07
10032,51.67
10033,64.46
10034,63.74
10035,61.27
10036,48.28
10037,52.03
10038,61.48
10039,55.10
10040,46.50
10041,52.86
10042,60.72
10043,53.75
10044,57.50
10045,56.60
10046,45.41
10047,60.10
10048,61.64
10049,50.10
10050,48.50
10051,56.71
10052,52.81
10053,62.30
10054,57.34
10055,52.13
10056,53.23
10057,59.61
10058,60.88
10059,49.42
10060,49.66
10061,51.59
10062,58.31
10063,60.16
10064,52.53
10065,63.36
10066,57.87
10067,60.79
10068,46.02
10069,47.13
10070,60.23
10071,63.74
10072,53.64
10073,63.87
10074,49.00
10075,61.01
10076,63.47
10077,47.73
10078,60.02
10079,63.73
10080,53.30
10081,60.28
10082,62.29
10083,61.28
10084,51.52
10085,62.48
10086,46.42
10087,58.13
10088,48.04
10089,61.39
10090,52.61
10091,53.11
10092,46.52
10093,50.26
10094,54.81
10095,57.09
10096,64.09
10097,53.41
10098,62.75
10099,48.53
10100,48.90
10101,60.18
10102,56.51
10103,58.18
10104,48.74
10105,45.97
10106,58.96
10107,52.05
10108,62.24
10109,64.76
10110,51.59
10111,62.16
10112,57.07
10113,60.55
10114,49.36
10115,48.06
10116,56.31
10117,61.16
10118,45.50
10119,55.43
10120,59.75
10121,63.28
10122,63.61
10123,63.52
10124,64.32
10125,48.49
10126,60.89
10127,45.83
10128,47.74
10129,53.12
10130,60.41
10131,59.01
10132,46.78
10133,49.72
10134,53.81
10135,54.69
10136,50.01
10137,46.97
10138,63.54
10139,54.97
10140,60.65
10141,50.71
10142,61.69
10143,58.53
10144,57.87
10145,61.90
10146,51.92
10147,46.44
10148,59.12
10149,56.87
10150,55.81
10151,49.58
10152,47.20
10153,64.13
10154,56.40
10155,45.56
10156,50.37
10157,60.18
10158,53.31
10159,61.38
10160,62.17
10161,63.90
10162,51.29
10163,50.91
10164,63.80
10165,60.82
10166,54.97
10167,48.92
10168,53.40
10169,58.50
10170,49.57
10171,61.27
10172,49.06
10173,55.28
10174,59.08
10175,60.33
10176,61.59
10177,54.70
10178,53.75
10179,53.50
10180,48.89
10181,56.91
10182,58.12
10183,59.60
10184,63.00
10185,48.22
10186,60.54
10187,56.63
10188,55.69
10189,64.64
10190,49.17
10191,63.38
10192,57.24
10193,55.14
10194,53.43
10195,50.60
10196,57.82
10197,51.20
10198,63.30
10199,60.35
10200,54.40
10201,55.73
10202,54.93
10203,51.55
10204,64.23
10205,50.77
10206,45.47
10207,55.20
10208,48.34
10209,56.34
10210,60.11
10211,61.04
10212,63.16
10213,50.85
10214,58.79
10215,59.83
10216,62.15
10217,58.70
10218,47.83
10219,55.89
10220,58.62
10221,49.18
10222,58.65
10223,48.27
10224,47.50
10225,46.33
10226,47.11
10227,48.59
10228,62.89
10229,64.97
10230,59.09
10231,47.02
10232,64.16
10233,48.38
10234,54.30
10235,45.11
10236,64.04
10237,49.61
10238,57.31
10239,58.29
10240,63.36
10241,51.43
10242,63.11
10243,64.07
10244,54.86
10245,58.82
10246,46.73
10247,54.72
10248,60.59
10249,53.30
10250,45.75
10251,54.19
10252,52.57
10253,52.66
10254,57.72
10255,49.60
10256,55.13
10257,45.43
10258,53.74
10259,62.61
10260,51.45
10261,60.51
10262,62.46
10263,49.84
10264,47.76
10265,54.00
10266,64.61
10267,62.09
10268,59.33
10269,64.56
10270,62.87
10271,64.62
10272,62.30
10273,58.00
10274,54.87
10275,56.14
10276,49.71
10277,59.00
10278,51.19
10279,62.15
10280,56.23
10281,55.49
10282,49.78
10283,52.12
10284,56.86
10285,63.51
10286,64.57
10287,64.95
10288,45.53
10289,59.59
10290,63.82
10291,45.40
10292,58.34
10293,52.97
10294,51.44
10295,57.59
10296,50.93
10297,49.67
10298,56.68
10299,62.28
10300,47.01
10301,48.37
10302,57.80
10303,62.29
10304,62.39
10305,66.97
10306,63.99
10307,46.33
10308,46.87
10309,53.60
10310,64.45
10311,57.92
10312,45.64
10313,58.52
10314,56.37
10315,45.64
10316,45.69
10317,58.81
10318,54.85
10319,50.90
10320,60.58
10321,61.09
10322,60.93
10323,52.14
10324,56.48
10325,55.59
10326,64.24
10327,62.69
10328,61.79
10329,49.60
10330,55.53
10331,62.45
10332,64.98
10333,61.82
10334,57.10
10335,54.31
10336,58.64
10337,52.32
10338,60.68
10339,47.73
10340,45.66
10341,60.99
10342,46.62
10343,61.83
10344,63.36
10345,54.34
10346,46.43
10347,64.63
10348,48.62
10349,56.75
10350,59.56
10351,50.61
10352,59.77
10353,54.86
10354,54.70
10355,53.67
10356,63.59
10357,58.09
10358,63.70
10359,61.27
10360,47.00
10361,64.47
10362,51.43
10363,64.46
10364,63.58
10365,58.94
10366,64.41
10367,64.79
10368,56.44
10369,55.51
10370,54.80
10371,45.09
10372,59.00
10373,45.11
10374,54.15
10375,47.11
10376,57.42
10377,58.92
10378,55.44
10379,58.42
10380,64.33
10381,54.75
10382,60.41
10383,56.54
10384,59.05
10385,73.58
10386,61.65
10387,51.69
10388,52.43
10389,53.23
10390,52.97
10391,51.04
10392,61.74
10393,58.55
10394,62.02
10395,45.41
10396,49.51
10397,62.89
10398,47.20
10399,59.63
10400,51.60
10401,47.94
10402,53.21
10403,49.41
10404,54.04
10405,55.86
10406,50.36
10407,45.73
10408,57.95
10409,53.01
10410,60.00
10411,58.88
10412,48.30
10413,59.80
10414,59.77
10415,59.67
10416,58.71
10417,55.68
10418,63.26
10419,63.46
10420,54.48
10421,45.13
10422,60.50
10423,56.94
10424,48.21
10425,52.12
10426,45.26
10427,53.89
10428,60.31
10429,67.95
10430,62.08
10431,56.21
10432,61.99
10433,49.90
10434,55.70
10435,58.73
10436,58.44
10437,52.54
10438,46.88
10439,52.21
10440,56.34
10441,61.70
10442,55.59
10443,63.50
10444,46.73
10445,48.02
10446,51.51
10447,45.89
10448,64.30
10449,50.81
10450,51.82
10451,62.37
10452,59.93
10453,48.15
10454,55.05
10455,56.99
10456,49.08
10457,61.07
10458,46.87
10459,52.91
10460,52.59
10461,63.92
10462,62.60
10463,50.02
10464,59.73
10465,50.94
10466,53.91
10467,49.34
10468,50.22
10469,58.33
10470,54.08
10471,58.66
10472,59.68
10473,59.98
10474,53.22
10475,48.94
10476,51.41
10477,64.65
10478,64.09
10479,50.52
10480,57.71
10481,66.44
10482,48.87
10483,50.46
10484,45.40
10485,60.49
10486,57.05
10487,57.08
10488,47.19
10489,48.80
10490,58.66
10491,48.98
10492,52.55
10493,53.56
10494,52.41
10495,53.82
10496,48.95
10497,48.15
10498,47.64
10499,53.19
10500,50.96
10501,57.81
10502,50.64
10503,46.02
10504,55.76
10505,50.06
10506,50.75
10507,48.14
10508,47.92
10509,54.45
10510,46.89
10511,58.80
10512,54.25
10513,57.34
10514,45.59
10515,53.94
10516,54.35
10517,63.55
10518,61.19
10519,58.93
10520,48.43
10521,47.02
10522,45.37
10523,46.70
10524,47.19
10525,52.59
10526,51.47
10527,59.56
10528,61.76
10529,46.93
10530,59.41
10531,58.72
10532,55.48
10533,63.12
10534,55.07
10535,59.35
10536,45.18
10537,48.22
10538,60.80
10539,54.34
10540,51.72
10541,63.14
10542,48.83
10543,64.61
10544,48.76
10545,63.06
10546,47.37
10547,57.56
10548,54.59
10549,47.85
10550,67.67
10551,59.29
10552,64.91
10553,62.02
10554,50.82
10555,50.67
10556,53.27
10557,63.85
10558,61.81
10559,51.70
10560,59.89
10561,54.27
10562,57.03
10563,64.94
10564,61.35
10565,62.05
10566,50.54
10567,61.82
10568,61.67
10569,64.49
10570,54.52
10571,46.20
10572,55.43
10573,50.36
10574,67.88
10575,52.70
10576,52.41
10577,59.00
10578,59.93
10579,60.96
10580,49.76
10581,60.07
10582,63.56
10583,57.66
10584,64.91
10585,53.11
10586,50.64
10587,58.78
10588,50.43
10589,48.10
10590,45.16
10591,64.42
10592,56.17
10593,55.89
10594,48.44
10595,45.88
10596,47.90
10597,64.15
10598,51.57
10599,54.98
10600,49.98
10601,59.15
10602,57.15
10603,58.90
10604,53.23
10605,45.51
10606,48.08
10607,47.52
10608,52.51
10609,61.46
10610,63.07
10611,54.98
10612,57.26
10613,60.02
10614,55.15
10615,56.38
10616,63.12
10617,48.42
10618,60.23
10619,49.86
10620,49.66
10621,53.78
10622,63.56
10623,47.93
10624,59.44
10625,63.44
10626,49.46
10627,47.26
10628,59.55
10629,58.20
10630,56.99
10631,48.41
10632,53.92
10633,64.81
10634,63.05
10635,62.63
10636,58.85
10637,63.27
10638,45.15
10639,57.19
10640,64.39
10641,48.94
10642,61.24
10643,63.43
10644,48.41
10645,63.48
10646,49.20
10647,61.01
10648,50.53
10649,51.74
10650,52.92
10651,49.79
10652,64.86
10653,45.65
10654,47.20
10655,48.11
10656,60.47
10657,49.04
10658,58.92
10659,51.12
10660,54.19
10661,47.67
10662,57.81
10663,64.93
10664,46.56
10665,47.67
10666,53.14
10667,58.79
10668,63.13
10669,50.32
10670,63.12
10671,47.58
10672,63.84
10673,45.88
10674,54.70
10675,53.14
10676,55.01
10677,57.46
10678,54.62
10679,62.57
10680,61.19
10681,63.04
10682,60.81
10683,61.41
10684,60.77
10685,57.75
10686,45.33
10687,56.27
10688,51.77
10689,48.80
10690,49.10
10691,45.59
10692,62.81
10693,52.84
10694,59.43
10695,45.95
10696,60.02
10697,60.32
10698,55.23
10699,51.99
10700,56.75
10701,49.34
10702,54.92
10703,49.39
10704,51.62
10705,45.05
10706,61.67
10707,64.71
10708,49.98
10709,62.40
10710,64.82
10711,55.25
10712,49.13
10713,54.28
10714,56.68
10715,58.77
10716,50.01
10717,54.68
10718,52.47
10719,61.26
10720,54.43
10721,59.48
10722,47.16
10723,55.58
10724,55.31
10725,61.50
10726,50.60
10727,47.59
10728,53.95
10729,54.89
10730,51.51
10731,57.22
10732,64.47
10733,55.34
10734,51.55
10735,50.40
10736,52.66
10737,51.52
10738,57.46
10739,53.95
10740,46.08
10741,53.79
10742,51.12
10743,45.40
10744,56.24
10745,45.89
10746,54.79
10747,63.90
10748,48.84
10749,52.40
10750,56.58
10751,51.60
10752,55.28
10753,60.74
10754,48.27
10755,63.85
10756,64.76
10757,56.99
10758,50.33
10759,53.33
10760,64.63
10761,50.05
10762,58.41
10763,61.80
10764,58.57
10765,56.42
10766,52.80
10767,57.30
10768,49.63
10769,63.18
10770,61.07
10771,60.97
10772,58.14
10773,54.29
10774,53.15
10775,60.83
10776,48.07
10777,52.71
10778,48.16
10779,56.28
10780,58.35
10781,52.16
10782,59.05
10783,61.09
10784,58.12
10785,46.75
10786,59.73
10787,56.69
10788,54.15
10789,51.10
10790,62.57
10791,45.84
10792,54.08
10793,55.45
10794,48.87
10795,47.13
10796,50.84
10797,45.67
10798,64.40
10799,55.64
10800,50.18
10801,56.31
10802,65.34
10803,55.97
10804,55.26
10805,63.08
10806,51.68
10807,64.22
10808,48.74
10809,59.99
10810,47.14
10811,51.88
10812,51.63
10813,47.98
10814,63.68
10815,63.37
10816,45.32
10817,58.94
10818,58.00
10819,45.64
10820,51.14
10821,55.63
10822,64.26
10823,48.13
10824,62.12
10825,64.08
10826,58.68
10827,48.70
10828,46.22
10829,48.01
10830,45.34
10831,59.32
10832,58.90
10833,59.34
10834,45.03
10835,50.28
10836,49.22
10837,61.38
10838,61.86
10839,62.08
10840,57.90
10841,48.81
10842,60.17
10843,61.85
10844,46.22
10845,57.91
10846,64.53
10847,73.99
10848,50.43
10849,46.84
10850,54.39
10851,66.36
10852,59.35
10853,63.50
10854,64.61
10855,58.08
10856,46.63
10857,53.91
10858,49.41
10859,57.18
10860,51.37
10861,62.93
10862,60.55
10863,45.24
10864,45.51
10865,63.59
10866,54.43
10867,64.00
10868,67.76
10869,57.64
10870,60.62
10871,49.75
10872,47.98
10873,55.12
10874,53.14
10875,63.83
10876,48.48
10877,51.20
10878,55.62
10879,46.28
10880,63.66
10881,62.92
10882,48.86
10883,59.37
10884,54.11
10885,54.35
10886,62.49
10887,53.41
10888,60.84
10889,45.61
10890,55.40
10891,56.53
10892,63.71
10893,52.77
10894,56.71
10895,46.97
10896,53.02
10897,58.63
10898,51.00
10899,50.87
10900,60.50
10901,45.43
10902,48.72
10903,55.33
10904,58.79
10905,45.28
10906,62.47
10907,56.43
10908,60.95
10909,56.75
10910,59.63
10911,48.60
10912,51.84
10913,46.80
10914,56.09
10915,60.69
10916,53.63
10917,58.62
10918,63.28
10919,55.99
10920,53.03
10921,48.43
10922,59.19
10923,59.68
10924,56.62
10925,64.54
10926,45.61
10927,60.63
10928,56.10
10929,45.70
10930,53.44
10931,61.89
10932,47.33
10933,45.49
10934,48.04
10935,57.35
10936,54.76
10937,51.10
10938,63.98
10939,59.19
10940,55.58
10941,59.49
10942,51.41
10943,64.99
10944,48.85
10945,59.88
10946,64.36
10947,60.62
10948,47.45
10949,52.99
10950,47.91
10951,58.28
10952,64.44
10953,55.12
10954,60.25
10955,49.46
10956,45.11
10957,46.69
10958,50.91
10959,59.14
10960,64.32
10961,52.27
10962,49.22
10963,61.48
10964,63.01
10965,51.40
10966,54.69
10967,56.72
10968,56.01
10969,61.34
10970,50.74
10971,60.49
10972,50.09
10973,49.63
10974,50.92
10975,57.81
10976,64.10
10977,50.61
10978,47.88
10979,50.96
10980,56.98
10981,47.42
10982,61.45
10983,53.82
10984,54.25
10985,57.81
10986,47.49
10987,61.83
10988,45.30
10989,48.76
10990,61.02
10991,53.97
10992,63.71
10993,56.55
10994,58.78
10995,48.50
10996,63.02
10997,61.51
10998,59.20
10999,45.90
11000,53.23
11001,57.39
11002,50.23
11003,45.09
11004,63.15
11005,45.67
11006,47.56
11007,59.49
11008,48.58
11009,49.98
11010,62.44
11011,58.53
11012,54.34
11013,64.67
11014,60.84
11015,53.46
11016,63.83
11017,62.54
11018,53.54
11019,58.99
11020,61.31
11021,50.25
11022,56.09
11023,52.45
11024,49.12
11025,48.25
11026,63.52
11027,61.30
11028,45.72
11029,54.49
11030,51.92
11031,51.07
11032,48.13
11033,59.70
11034,55.21
11035,58.85
11036,56.74
11037,46.95
11038,60.96
11039,53.52
11040,51.86
11041,46.12
11042,51.03
11043,47.47
11044,49.72
11045,45.50
11046,64.57
11047,60.83
11048,62.44
11049,56.94
11050,55.93
11051,51.95
11052,48.46
11053,48.70
11054,58.78
11055,57.74
11056,48.97
11057,48.78
11058,56.85
11059,57.13
11060,50.91
11061,56.08
11062,54.26
11063,58.76
11064,48.36
11065,47.58
11066,45.64
11067,61.59
11068,64.32
11069,59.81
11070,59.09
11071,45.62
11072,54.21
11073,58.35
11074,54.11
11075,53.41
11076,61.98
11077,58.19
11078,59.19
11079,64.23
11080,60.27
11081,56.65
11082,50.95
11083,47.06
11084,49.75
11085,46.49
11086,60.26
11087,47.88
11088,56.21
11089,46.57
11090,58.87
11091,52.09
11092,59.50
11093,64.46
11094,57.54
11095,46.05
11096,52.59
11097,45.16
11098,61.97
11099,60.46
11100,64.02
11101,63.91
11102,59.83
11103,55.26
11104,61.68
11105,51.58
11106,56.59
11107,51.83
11108,46.91
11109,55.99
11110,46.56
11111,59.44
11112,49.93
11113,53.16
11114,52.01
11115,54.84
11116,54.42
11117,45.00
11118,47.68
11119,58.83
11120,52.69
11121,54.07
11122,50.84
11123,57.84
11124,63.15
11125,59.93
11126,53.56
11127,53.85
11128,61.90
11129,50.15
11130,55.34
11131,46.15
11132,45.81
11133,55.67
11134,60.41
11135,55.22
11136,51.34
11137,50.25
11138,46.76
11139,52.46
11140,60.62
11141,47.16
11142,56.09
11143,56.03
11144,56.65
11145,53.15
11146,47.53
11147,45.34
11148,64.02
11149,62.29
11150,52.69
11151,59.34
11152,63.36
11153,61.15
11154,56.71
11155,46.97
11156,56.04
11157,52.04
11158,50.43
11159,48.70
11160,63.78
11161,63.96
11162,52.77
11163,50.92
11164,58.75
11165,53.15
11166,51.68
11167,56.00
11168,50.19
11169,64.25
11170,58.96
11171,57.17
11172,57.17
11173,45.43
11174,63.73
11175,55.88
11176,49.68
11177,55.93
11178,53.01
11179,60.91
11180,45.25
11181,59.27
11182,60.37
11183,51.14
11184,55.67
11185,57.22
11186,57.24
11187,51.61
11188,48.55
11189,62.67
11190,58.99
11191,60.46
11192,55.14
11193,58.86
11194,54.37
11195,64.67
11196,58.49
11197,54.38
11198,63.51
11199,58.37
11200,57.24
11201,56.74
11202,53.97
11203,51.04
11204,49.30
11205,55.24
11206,54.73
11207,53.82
11208,47.21
11209,48.18
11210,48.40
11211,54.31
11212,53.73
11213,58.77
11214,54.35
11215,54.99
11216,64.00
11217,50.87
11218,49.03
11219,56.67
11220,47.66
11221,58.49
11222,50.26
11223,47.34
11224,53.39
11225,61.70
11226,55.14
11227,48.16
11228,60.51
11229,58.35
11230,49.32
11231,47.25
11232,64.92
11233,62.87
11234,62.14
11235,63.95
11236,48.34
11237,60.88
11238,58.97
11239,53.03
11240,46.00
11241,50.84
11242,64.86
11243,59.74
11244,52.96
11245,50.85
11246,64.84
11247,62.04
11248,51.18
11249,57.11
11250,49.00
11251,53.31
11252,52.22
11253,62.84
11254,47.06
11255,51.06
11256,51.28
11257,47.64
11258,48.16
11259,47.73
11260,47.64
11261,73.12
11262,47.60
11263,60.67
11264,57.99
11265,55.09
11266,54.62
11267,57.15
11268,61.30
11269,47.09
11270,51.28
11271,58.89
11272,51.62
11273,45.76
11274,59.32
11275,59.57
11276,46.40
11277,56.74
11278,62.20
11279,47.63
11280,52.54
11281,49.18
11282,48.48
11283,60.05
11284,57.39
11285,55.67
11286,58.48
11287,57.97
11288,52.61
11289,59.83
11290,59.32
11291,55.52
11292,51.22
11293,51.04
11294,49.54
11295,49.65
11296,45.86
11297,56.87
11298,46.92
11299,59.07
11300,64.60
11301,54.00
11302,51.47
11303,55.85
11304,53.30
11305,48.60
11306,60.68
11307,46.39
11308,47.14
11309,55.59
11310,52.14
11311,60.82
11312,50.11
11313,64.95
11314,52.69
11315,52.22
11316,62.01
11317,56.62
11318,51.99
11319,62.28
11320,61.19
11321,49.75
11322,45.84
11323,55.80
11324,64.00
11325,63.02
11326,49.64
11327,62.45
11328,52.32
11329,50.26
11330,61.05
11331,57.99
11332,47.01
11333,61.26
11334,53.90
11335,49.94
11336,46.52
11337,61.40
11338,52.12
11339,52.64
11340,56.10
11341,49.94
11342,63.75
11343,51.82
11344,45.78
11345,63.90
11346,48.81
11347,53.29
11348,57.08
11349,64.37
11350,56.68
11351,52.76
11352,55.37
11353,45.85
11354,58.26
11355,56.85
11356,47.85
11357,47.04
11358,54.11
11359,48.00
11360,59.90
11361,54.09
11362,52.98
11363,47.48
11364,50.24
11365,51.05
11366,48.60
11367,60.02
11368,52.05
11369,61.47
11370,54.39
11371,54.29
11372,59.96
11373,54.94
11374,50.75
11375,56.27
11376,55.18
11377,62.16
11378,53.43
11379,62.74
11380,52.32
11381,60.16
11382,56.99
11383,52.06
11384,54.64
11385,54.49
11386,51.89
11387,60.72
11388,48.67
11389,49.61
11390,56.98
11391,60.17
11392,59.91
11393,56.01
11394,55.16
11395,62.69
11396,64.67
11397,46.39
11398,52.02
11399,51.15
11400,47.29
11401,52.38
11402,58.17
11403,60.89
11404,53.08
11405,61.75
11406,59.65
11407,47.88
11408,62.91
11409,45.13
11410,48.59
11411,63.42
11412,55.69
11413,64.27
11414,51.75
11415,56.33
11416,61.19
11417,48.10
11418,48.77
11419,60.80
11420,51.84
11421,51.01
11422,55.19
11423,62.46
11424,60.64
11425,52.93
11426,45.45
11427,55.42
11428,59.21
11429,54.10
11430,53.88
11431,52.10
11432,48.18
11433,61.69
11434,64.54
11435,59.76
11436,62.62
11437,51.77
11438,48.98
11439,52.87
11440,53.74
11441,45.24
11442,57.29
11443,46.63
11444,53.39
11445,50.58
11446,56.77
11447,45.83
11448,55.94
11449,48.08
11450,45.82
11451,59.77
11452,61.33
11453,45.92
11454,58.43
11455,62.81
11456,49.40
11457,61.62
11458,73.03
11459,63.55
11460,45.02
11461,52.40
11462,59.57
11463,62.03
11464,64.79
11465,59.66
11466,61.46
11467,60.62
11468,57.66
11469,59.04
11470,63.50
11471,64.30
11472,55.78
11473,56.21
11474,47.50
11475,47.39
11476,62.65
11477,51.85
11478,56.01
11479,58.46
11480,57.18
11481,57.13
11482,62.69
11483,47.04
11484,55.98
11485,57.02
11486,45.09
11487,54.79
11488,55.11
11489,53.07
11490,47.05
11491,49.77
11492,50.05
11493,63.31
11494,61.14
11495,49.37
11496,64.89
11497,61.32
11498,60.25
11499,53.20
11500,57.99
11501,55.36
11502,50.04
11503,60.70
11504,47.87
11505,52.42
11506,61.56
11507,61.98
11508,59.29
11509,56.04
11510,52.94
11511,55.44
11512,51.19
11513,58.06
11514,53.40
11515,55.36
11516,61.03
11517,61.23
11518,57.51
11519,53.72
11520,60.14
11521,45.33
11522,62.27
11523,57.07
11524,56.67
11525,48.41
11526,55.43
11527,54.26
11528,48.94
11529,49.33
11530,46.80
11531,55.85
11532,48.07
11533,55.25
11534,56.73
11535,64.59
11536,60.06
11537,46.92
11538,51.77
11539,60.42
11540,57.97
11541,55.59
11542,64.65
11543,58.01
11544,56.23
11545,45.73
11546,61.45
11547,57.01
11548,58.04
11549,46.51
11550,54.06
11551,55.39
11552,54.84
11553,63.48
11554,56.98
11555,47.65
11556,46.61
11557,62.36
11558,60.23
11559,61.76
11560,54.34
11561,51.97
11562,62.18
11563,58.29
11564,58.88
11565,55.47
11566,60.81
11567,49.84
11568,45.43
11569,51.38
11570,64.80
11571,60.13
11572,48.42
11573,61.98
11574,60.70
11575,63.59
11576,50.28
11577,52.42
11578,59.74
11579,56.75
11580,63.13
11581,62.42
11582,61.73
11583,47.62
11584,63.82
11585,52.27
11586,47.76
11587,61.00
11588,50.21
11589,59.22
11590,49.51
11591,55.20
11592,63.75
11593,46.81
11594,55.79
11595,46.08
11596,56.15
11597,55.50
11598,55.03
11599,53.86
11600,50.80
11601,53.25
11602,58.21
11603,55.63
11604,50.28
11605,50.85
11606,47.12
11607,45.56
11608,49.62
11609,59.20
11610,59.77
11611,46.71
11612,57.54
11613,53.08
11614,53.61
11615,51.31
11616,51.35
11617,48.94
11618,61.31
11619,63.47
11620,48.88
11621,63.58
11622,59.39
11623,51.02
11624,63.08
11625,49.33
11626,60.71
11627,48.47
11628,62.41
11629,72.02
11630,51.04
11631,45.57
11632,61.28
11633,45.48
11634,58.84
11635,47.02
11636,57.92
11637,55.93
11638,61.16
11639,53.97
11640,55.96
11641,60.92
11642,58.78
11643,48.59
11644,47.79
11645,67.97
11646,48.22
11647,53.15
11648,54.99
11649,74.98
11650,54.86
11651,55.98
11652,67.14
11653,57.95
11654,50.94
11655,64.05
11656,49.06
11657,59.00
11658,45.06
11659,59.81
11660,49.92
11661,50.83
11662,56.63
11663,53.41
11664,45.92
11665,61.76
11666,61.38
11667,58.76
11668,52.23
11669,51.08
11670,55.74
11671,64.46
11672,61.58
11673,53.54
11674,57.19
11675,63.82
11676,47.59
11677,48.09
11678,60.71
11679,64.46
11680,61.91
11681,55.23
11682,60.68
11683,56.73
11684,48.39
11685,64.55
11686,63.81
11687,46.26
11688,56.07
11689,51.62
11690,45.76
11691,51.43
11692,46.49
11693,57.41
11694,56.90
11695,50.46
11696,63.10
11697,51.36
11698,47.69
11699,58.32
11700,61.20
11701,58.99
11702,58.17
11703,70.99
11704,53.49
11705,63.24
11706,56.41
11707,61.45
11708,48.12
11709,64.04
11710,53.61
11711,63.27
11712,50.94
11713,48.92
11714,52.84
11715,58.49
11716,46.27
11717,53.73
11718,45.32
11719,60.65
11720,64.39
11721,60.77
11722,54.62
11723,60.55
11724,61.52
11725,59.16
11726,63.46
11727,63.07
11728,51.82
11729,64.14
11730,46.39
11731,45.02
11732,49.74
11733,45.54
11734,59.94
11735,45.75
11736,56.12
11737,62.81
11738,56.41
11739,64.66
11740,58.28
11741,48.34
11742,52.32
11743,54.35
11744,59.81
11745,60.90
11746,64.87
11747,47.93
11748,57.30
11749,57.45
11750,58.14
11751,48.46
11752,56.84
11753,54.86
11754,45.66
11755,49.71
11756,49.53
11757,48.52
11758,50.06
11759,57.77
11760,52.02
11761,46.94
11762,50.71
11763,51.95
11764,51.25
11765,45.42
11766,62.92
11767,45.12
11768,64.96
11769,56.67
11770,49.94
11771,57.40
11772,54.52
11773,50.24
11774,62.55
11775,52.54
11776,63.99
11777,49.52
11778,46.34
11779,56.61
11780,51.51
11781,60.15
11782,51.68
11783,49.33
11784,58.37
11785,45.87
11786,61.90
11787,56.14
11788,57.51
11789,63.70
11790,59.52
11791,57.56
11792,49.77
11793,53.81
11794,61.41
11795,53.14
11796,62.65
11797,48.81
11798,55.56
11799,64.00
11800,52.75
11801,63.82
11802,65.51
11803,53.07
11804,45.45
11805,55.28
11806,57.23
11807,48.68
11808,45.36
11809,47.71
11810,52.74
11811,46.98
11812,45.52
11813,61.46
11814,60.85
11815,48.81
11816,47.31
11817,51.20
11818,49.21
11819,61.09
11820,45.12
11821,50.24
11822,64.29
11823,56.48
11824,46.60
11825,59.10
11826,50.29
11827,61.51
11828,59.89
11829,59.36
11830,52.54
11831,57.39
11832,53.72
11833,53.03
11834,52.95
11835,63.48
11836,64.61
11837,60.39
11838,58.24
11839,54.09
11840,63.09
11841,52.38
11842,48.17
11843,45.30
11844,52.39
11845,61.20
11846,52.11
11847,62.39
11848,64.36
11849,61.20
11850,63.71
11851,61.94
11852,48.63
11853,46.19
11854,48.96
11855,63.60
11856,63.29
11857,55.26
11858,51.07
11859,56.86
11860,55.74
11861,49.68
11862,60.86
11863,63.35
11864,49.73
11865,61.70
11866,45.71
11867,53.22
11868,58.21
11869,45.53
11870,50.01
11871,47.76
11872,48.49
11873,61.26
11874,52.13
11875,48.43
11876,61.06
11877,47.96
11878,48.52
11879,63.31
11880,55.64
11881,48.32
11882,62.81
11883,57.39
11884,49.43
11885,55.67
11886,60.39
11887,45.30
11888,50.04
11889,61.61
11890,46.28
11891,64.60
11892,59.29
11893,52.67
11894,45.91
11895,56.54
11896,54.50
11897,63.54
11898,48.32
11899,48.49
11900,58.69
11901,47.15
11902,56.19
11903,53.82
11904,53.85
11905,53.82
11906,61.37
11907,57.45
11908,63.63
11909,60.42
11910,52.84
11911,63.37
11912,52.22
11913,52.36
11914,62.61
11915,53.00
11916,48.77
11917,60.09
11918,62.19
11919,50.96
11920,48.72
11921,51.86
11922,50.74
11923,63.24
11924,61.20
11925,52.95
11926,51.02
11927,56.29
11928,46.87
11929,51.63
11930,51.15
11931,52.61
11932,58.97
11933,55.43
11934,64.02
11935,55.75
11936,46.32
11937,62.03
11938,49.94
11939,45.26
11940,62.95
11941,55.98
11942,61.36
11943,54.05
11944,63.74
11945,51.98
11946,63.73
11947,45.51
11948,58.78
11949,48.51
11950,61.55
11951,59.43
11952,61.69
11953,61.02
11954,48.91
11955,47.46
11956,56.00
11957,59.90
11958,47.50
11959,55.20
11960,62.01
11961,48.02
11962,49.02
11963,51.15
11964,64.44
11965,54.50
11966,54.17
11967,45.67
11968,46.50
11969,51.12
11970,46.74
11971,59.20
11972,47.94
11973,46.12
11974,48.60
11975,58.18
11976,61.53
11977,57.25
11978,57.63
11979,58.42
11980,49.00
11981,54.99
11982,52.17
11983,58.34
11984,51.31
11985,54.48
11986,62.82
11987,46.99
11988,47.81
11989,49.02
11990,63.01
11991,63.31
11992,57.64
11993,47.39
11994,55.51
11995,53.18
11996,50.28
11997,54.57
11998,53.57
11999,48.02
12000,62.68
12001,47.78
12002,45.34
12003,57.63
12004,56.32
12005,49.68
12006,62.84
12007,64.37
12008,58.02
12009,55.31
12010,66.61
12011,52.64
12012,64.68
12013,57.39
12014,49.54
12015,62.87
12016,54.36
12017,51.72
12018,64.43
12019,64.50
12020,57.71
12021,57.85
12022,45.00
12023,48.25
12024,69.30
12025,48.57
12026,63.37
12027,45.70
12028,48.28
12029,63.58
12030,56.02
12031,55.87
12032,62.49
12033,58.36
12034,51.31
12035,51.53
12036,60.37
12037,62.30
12038,56.03
12039,49.54
12040,45.17
12041,62.36
12042,54.86
12043,54.22
12044,59.38
12045,49.12
12046,48.17
12047,62.72
12048,57.65
12049,57.04
12050,51.62
12051,52.91
12052,51.10
12053,49.09
12054,47.22
12055,47.44
12056,46.66
12057,61.29
12058,50.64
12059,63.08
12060,49.59
12061,60.23
12062,55.23
12063,49.99
12064,53.42
12065,63.95
12066,51.16
12067,58.96
12068,49.49
12069,63.79
12070,56.93
12071,52.53
12072,55.11
12073,52.53
12074,57.95
12075,58.47
12076,55.62
12077,60.55
12078,54.75
12079,50.98
12080,51.08
12081,61.25
12082,47.40
12083,55.22
12084,49.06
12085,45.89
12086,58.41
12087,64.34
12088,58.69
12089,55.90
12090,52.97
12091,57.75
12092,51.14
12093,49.90
12094,46.85
12095,64.58
12096,45.34
12097,48.99
12098,56.53
12099,49.15
12100,48.76
12101,45.13
12102,63.28
12103,57.53
12104,57.87
12105,55.14
12106,46.94
12107,54.63
12108,63.60
12109,45.06
12110,47.96
12111,59.92
12112,53.48
12113,52.82
12114,61.47
12115,55.56
12116,58.42
12117,61.32
12118,51.66
12119,62.76
12120,64.09
12121,63.89
12122,49.66
12123,45.99
12124,63.78
12125,59.77
12126,45.24
12127,62.79
12128,46.54
12129,50.23
12130,61.78
12131,57.10
12132,48.37
12133,60.53
12134,55.98
12135,45.07
12136,53.26
12137,45.42
12138,49.64
12139,48.10
12140,62.00
12141,49.03
12142,57.67
12143,50.48
12144,51.22
12145,47.04
12146,50.45
12147,58.52
12148,60.12
12149,49.60
12150,54.76
12151,53.53
12152,55.38
12153,55.29
12154,50.29
12155,52.72
12156,51.13
12157,48.50
12158,59.79
12159,48.44
12160,52.48
12161,59.32
12162,48.47
12163,53.82
12164,64.46
12165,64.99
12166,64.12
12167,58.71
12168,70.91
12169,55.49
12170,61.86
12171,62.04
12172,59.09
12173,56.89
12174,60.33
12175,59.24
12176,63.77
12177,56.38
12178,56.85
12179,50.46
12180,60.83
12181,57.80
12182,48.32
12183,59.03
12184,60.90
12185,45.75
12186,45.52
12187,47.67
12188,49.16
12189,58.63
12190,52.55
12191,50.91
12192,50.35
12193,49.17
12194,49.21
12195,48.06
12196,55.37
12197,60.95
12198,46.21
12199,52.25
12200,50.39
12201,63.40
12202,60.51
12203,60.10
12204,45.57
12205,48.43
12206,47.74
12207,46.17
12208,54.93
12209,62.38
12210,47.83
12211,54.87
12212,59.94
12213,49.96
12214,56.62
12215,58.40
12216,62.00
12217,52.34
12218,47.81
12219,48.87
12220,51.59
12221,58.91
12222,55.31
12223,49.85
12224,52.72
12225,52.86
12226,64.26
12227,59.14
12228,52.92
12229,49.42
12230,59.82
12231,64.36
12232,56.53
12233,45.91
12234,53.71
12235,49.59
12236,63.94
12237,57.07
12238,54.42
12239,58.75
12240,46.43
12241,64.04
12242,55.19
12243,54.41
12244,62.30
12245,57.63
12246,52.09
12247,56.57
12248,64.93
12249,51.83
12250,49.43
12251,57.56
12252,58.38
12253,64.49
12254,64.52
12255,46.02
12256,55.42
12257,61.56
12258,52.80
12259,62.38
12260,64.41
12261,64.18
12262,60.27
12263,59.66
12264,64.25
12265,48.25
12266,63.98
12267,50.64
12268,55.61
12269,54.44
12270,48.96
12271,50.86
12272,51.03
12273,56.05
12274,55.05
12275,48.26
12276,60.27
12277,46.31
12278,49.11
12279,48.05
12280,61.59
12281,61.94
12282,51.47
12283,47.47
12284,52.53
12285,48.47
12286,62.70
12287,48.33
12288,55.02
12289,56.19
12290,54.62
12291,47.99
12292,60.21
12293,55.20
12294,45.59
12295,45.45
12296,63.28
12297,58.23
12298,57.84
12299,50.39
12300,45.83
12301,57.13
12302,47.48
12303,48.69
12304,47.07
12305,64.60
12306,55.86
12307,52.54
12308,63.98
12309,59.95
12310,59.45
12311,45.62
12312,64.98
12313,59.10
12314,52.43
12315,55.99
12316,64.55
12317,61.68
12318,57.65
12319,58.84
12320,59.82
12321,53.34
12322,54.64
12323,46.64
12324,55.64
12325,49.33
12326,55.12
12327,51.30
12328,51.17
12329,54.84
12330,47.26
12331,46.74
12332,60.14
12333,63.36
12334,47.56
12335,46.78
12336,53.73
12337,45.98
12338,46.04
12339,47.84
12340,54.97
12341,52.11
12342,58.46
12343,61.54
12344,47.45
12345,53.35
12346,64.45
12347,45.16
12348,55.86
12349,59.12
12350,64.68
12351,64.53
12352,57.13
12353,63.86
12354,61.46
12355,52.05
12356,45.38
12357,50.67
12358,62.55
12359,52.04
12360,59.24
12361,62.53
12362,55.23
12363,61.89
12364,58.99
12365,64.60
12366,46.58
12367,45.07
12368,53.37
12369,47.51
12370,57.09
12371,49.79
12372,51.60
12373,56.35
12374,60.96
12375,52.42
12376,58.08
12377,62.10
12378,67.23
12379,51.58
12380,64.00
12381,52.42
12382,52.56
12383,62.33
12384,53.96
12385,45.62
12386,56.97
12387,62.11
12388,61.71
12389,50.08
12390,62.75
12391,64.13
12392,58.50
12393,55.17
12394,48.42
12395,61.70
12396,64.34
12397,64.81
12398,55.86
12399,56.16
12400,45.30
12401,57.14
12402,61.60
12403,50.38
12404,54.33
12405,53.75
12406,47.87
12407,48.46
12408,49.64
12409,64.51
12410,57.79
12411,61.30
12412,45.59
12413,52.44
12414,60.60
12415,60.35
12416,64.50
12417,46.59
12418,55.19
12419,48.61
12420,58.19
12421,49.58
12422,63.50
12423,59.51
12424,59.71
12425,51.61
12426,52.89
12427,59.27
12428,52.55
12429,48.91
12430,47.54
12431,60.67
12432,46.76
12433,48.27
12434,60.81
12435,63.30
12436,57.99
12437,59.15
12438,60.45
12439,63.86
12440,51.84
12441,45.33
12442,61.60
12443,53.79
12444,61.05
12445,49.53
12446,55.97
12447,48.81
12448,60.56
12449,50.40
12450,58.18
12451,65.03
12452,51.25
12453,58.90
12454,59.32
12455,55.27
12456,45.14
12457,57.40
12458,56.75
12459,64.15
12460,57.10
12461,51.57
12462,61.72
12463,51.50
12464,53.40
12465,63.92
12466,51.80
12467,47.25
12468,52.78
12469,48.03
12470,51.92
12471,55.21
12472,48.32
12473,61.80
12474,51.18
12475,46.13
12476,45.40
12477,48.77
12478,56.39
12479,57.73
12480,62.89
12481,54.46
12482,54.05
12483,61.81
12484,47.27
12485,54.01
12486,73.15
12487,60.81
12488,63.95
12489,61.63
12490,50.05
12491,61.58
12492,52.74
12493,50.69
12494,58.36
12495,63.98
12496,46.93
12497,50.10
12498,51.34
12499,59.14
12500,45.21
12501,51.55
12502,57.60
12503,62.32
12504,60.49
12505,54.06
12506,60.26
12507,60.37
12508,56.02
12509,57.00
12510,46.94
12511,46.76
12512,63.61
12513,48.33
12514,53.16
12515,48.92
12516,56.92
12517,62.30
12518,57.65
12519,58.33
12520,45.14
12521,50.49
12522,64.57
12523,61.13
12524,46.01
12525,54.06
12526,54.07
12527,54.87
12528,50.68
12529,62.79
12530,48.65
12531,59.25
12532,56.06
12533,62.79
12534,56.51
12535,56.83
12536,60.94
12537,45.56
12538,60.62
12539,62.85
12540,55.92
12541,58.82
12542,58.93
12543,46.42
12544,57.89
12545,59.80
12546,60.75
12547,56.63
12548,55.03
12549,51.16
12550,58.62
12551,50.34
12552,58.76
12553,58.35
12554,47.33
12555,50.43
12556,55.41
12557,48.36
12558,60.01
12559,49.57
12560,59.32
12561,46.43
12562,53.79
12563,48.83
12564,59.35
12565,54.67
12566,45.39
12567,51.02
12568,58.44
12569,51.96
12570,51.12
12571,63.31
12572,52.90
12573,46.83
12574,58.09
12575,53.78
12576,47.76
12577,56.67
12578,51.02
12579,54.18
12580,55.97
12581,53.77
12582,61.56
12583,62.89
12584,53.57
12585,46.13
12586,63.39
12587,58.40
12588,56.76
12589,50.83
12590,47.18
12591,46.43
12592,55.21
12593,52.97
12594,47.83
12595,64.15
12596,52.49
12597,49.07
12598,45.64
12599,48.53
12600,53.74
12601,58.66
12602,53.95
12603,46.99
12604,55.24
12605,63.23
12606,64.21
12607,49.14
12608,51.75
12609,52.67
12610,62.50
12611,71.86
12612,61.63
12613,53.35
12614,59.04
12615,47.46
12616,60.56
12617,50.10
12618,47.61
12619,48.37
12620,60.56
12621,46.71
12622,57.45
12623,54.07
12624,50.80
12625,59.66
12626,62.73
12627,61.97
12628,63.92
12629,45.95
12630,51.96
12631,64.67
12632,55.13
12633,63.21
12634,58.99
12635,60.55
12636,57.45
12637,57.90
12638,49.58
12639,55.16
12640,61.97
12641,54.80
12642,50.17
12643,58.66
12644,61.23
12645,64.92
12646,60.17
12647,48.01
12648,55.37
12649,61.58
12650,63.46
12651,49.88
12652,53.98
12653,62.36
12654,60.87
12655,47.95
12656,49.40
12657,63.73
12658,56.05
12659,50.90
12660,46.09
12661,56.47
12662,45.57
12663,59.25
12664,61.27
12665,64.30
12666,61.40
12667,51.33
12668,47.35
12669,54.32
12670,57.04
12671,50.05
12672,49.26
12673,55.01
12674,55.29
12675,53.98
12676,61.62
12677,61.23
12678,56.09
12679,56.17
12680,63.56
12681,51.10
12682,49.47
12683,61.80
12684,56.03
12685,51.18
12686,56.28
12687,48.36
12688,51.94
12689,51.23
12690,51.76
12691,46.88
12692,49.34
12693,60.92
12694,45.79
12695,49.51
12696,56.79
12697,64.77
12698,45.94
12699,56.57
12700,57.21
12701,48.61
12702,45.10
12703,58.57
12704,60.63
12705,47.98
12706,60.21
12707,51.94
12708,63.40
12709,62.08
12710,49.97
12711,61.04
12712,58.86
12713,62.30
12714,64.62
12715,51.58
12716,57.21
12717,49.30
12718,64.11
12719,50.61
12720,52.77
12721,54.43
12722,60.52
12723,54.85
12724,49.47
12725,57.64
12726,56.75
12727,54.45
12728,62.11
12729,61.20
12730,58.81
12731,58.93
12732,50.34
12733,57.37
12734,60.93
12735,61.63
12736,58.75
12737,47.28
12738,57.37
12739,57.31
12740,55.64
12741,60.86
12742,58.89
12743,56.32
12744,46.67
12745,50.33
12746,57.84
12747,63.51
12748,64.37
12749,45.30
12750,55.53
12751,58.84
12752,59.05
12753,50.42
12754,56.87
12755,59.09
12756,45.66
12757,56.84
12758,59.37
12759,52.26
12760,45.51
12761,54.86
12762,50.86
12763,56.95
12764,57.75
12765,63.44
12766,61.61
12767,60.32
12768,51.43
12769,60.55
12770,59.85
12771,64.76
12772,49.68
12773,52.59
12774,64.88
12775,52.85
12776,53.50
12777,60.60
12778,51.66
12779,53.88
12780,54.58
12781,51.47
12782,55.93
12783,53.31
12784,63.87
12785,49.56
12786,45.08
12787,50.26
12788,54.18
12789,61.85
12790,57.45
12791,51.39
12792,50.63
12793,51.29
12794,62.36
12795,60.34
12796,57.17
12797,45.83
12798,52.53
12799,61.96
12800,46.78
12801,58.46
12802,54.18
12803,55.53
12804,48.83
12805,62.82
12806,57.99
12807,55.57
12808,46.35
12809,49.54
12810,54.67
12811,59.61
12812,54.22
12813,56.09
12814,52.00
12815,48.39
12816,46.54
12817,59.72
12818,47.83
12819,56.66
12820,52.75
12821,56.29
12822,56.06
12823,52.44
12824,50.88
12825,55.41
12826,51.03
12827,62.66
12828,58.06
12829,60.32
12830,53.02
12831,52.43
12832,55.80
12833,54.42
12834,53.58
12835,50.39
12836,64.40
12837,47.35
12838,46.02
12839,60.34
12840,57.99
12841,60.00
12842,49.39
12843,56.16
12844,56.52
12845,51.44
12846,57.78
12847,58.11
12848,59.51
12849,56.94
12850,51.96
12851,50.72
12852,53.48
12853,47.17
12854,62.21
12855,50.73
12856,51.01
12857,49.59
12858,61.63
12859,55.40
12860,56.15
12861,58.56
12862,60.32
12863,45.77
12864,57.34
12865,50.94
12866,46.51
12867,61.76
12868,61.81
12869,63.42
12870,59.80
12871,64.82
12872,56.37
12873,53.85
12874,51.30
12875,62.07
12876,61.91
12877,46.29
12878,54.83
12879,61.81
12880,61.29
12881,55.35
12882,49.75
12883,63.45
12884,45.30
12885,61.98
12886,52.01
12887,64.94
12888,55.63
12889,45.79
12890,59.88
12891,49.87
12892,55.00
12893,49.48
12894,54.70
12895,60.01
12896,51.51
12897,52.15
12898,50.20
12899,53.95
12900,59.88
12901,51.79
12902,60.58
12903,45.03
12904,59.85
12905,45.14
12906,53.80
12907,60.81
12908,58.21
12909,61.22
12910,59.74
12911,64.39
12912,45.44
12913,54.03
12914,55.09
12915,59.91
12916,63.86
12917,46.42
12918,48.32
12919,46.54
12920,63.73
12921,56.12
12922,55.02
12923,47.63
12924,48.89
12925,54.46
12926,50.21
12927,48.08
12928,63.72
12929,58.16
12930,51.33
12931,57.77
12932,46.27
12933,52.58
12934,46.39
12935,62.45
12936,64.88
12937,48.06
12938,54.94
12939,46.90
12940,62.16
12941,62.60
12942,48.00
12943,59.10
12944,60.25
12945,60.93
12946,59.76
12947,46.16
12948,47.18
12949,49.11
12950,64.84
12951,55.18
12952,57.20
12953,48.06
12954,60.94
12955,60.00
12956,59.86
12957,59.07
12958,50.01
12959,53.62
12960,51.36
12961,55.02
12962,52.90
12963,61.52
12964,64.76
12965,72.55
12966,59.28
12967,62.66
12968,55.89
12969,47.86
12970,61.86
12971,54.23
12972,47.98
12973,47.52
12974,49.96
12975,62.54
12976,52.71
12977,48.97
12978,47.10
12979,64.40
12980,55.55
12981,61.03
12982,59.61
12983,52.58
12984,51.83
12985,45.10
12986,74.63
12987,45.35
12988,56.03
12989,58.48
12990,59.01
12991,45.39
12992,51.67
12993,61.88
12994,61.11
12995,55.22
12996,48.28
12997,54.46
12998,58.73
12999,51.52
13000,48.85
13001,52.49
13002,61.74
13003,56.67
13004,47.93
13005,52.08
13006,57.27
13007,55.63
13008,49.03
13009,63.25
13010,46.82
13011,59.37
13012,55.81
13013,58.48
13014,50.20
13015,56.46
13016,57.50
13017,57.92
13018,53.24
13019,54.35
13020,61.67
13021,52.31
13022,58.94
13023,48.46
13024,63.98
13025,45.43
13026,51.45
13027,64.14
13028,60.15
13029,57.87
13030,47.58
13031,70.68
13032,52.35
13033,62.40
13034,50.37
13035,60.42
13036,55.10
13037,54.34
13038,54.37
13039,59.28
13040,57.16
13041,58.10
13042,55.52
13043,64.97
13044,59.28
13045,64.12
13046,46.49
13047,57.65
13048,48.10
13049,48.07
13050,47.39
13051,64.88
13052,63.96
13053,60.37
13054,59.36
13055,55.13
13056,64.88
13057,64.51
13058,55.87
13059,56.69
13060,55.05
13061,64.26
13062,57.14
13063,48.18
13064,63.47
13065,50.51
13066,59.07
13067,52.16
13068,61.77
13069,45.12
13070,54.50
13071,46.58
13072,58.82
13073,60.06
13074,46.60
13075,54.91
13076,47.68
13077,50.57
13078,55.79
13079,50.36
13080,52.22
13081,55.20
13082,63.52
13083,61.23
13084,48.44
13085,64.23
13086,59.42
13087,51.42
13088,50.82
13089,60.83
13090,57.52
13091,58.69
13092,47.34
13093,71.91
13094,64.82
13095,46.62
13096,50.66
13097,46.21
13098,54.52
13099,48.34
13100,52.86
13101,59.44
13102,46.73
13103,49.65
13104,50.46
13105,47.65
13106,56.35
13107,54.76
13108,45.61
13109,64.34
13110,52.64
13111,50.07
13112,50.15
13113,57.82
13114,56.61
13115,64.71
13116,45.33
13117,49.59
13118,50.29
13119,58.58
13120,52.31
13121,64.59
13122,54.78
13123,56.25
13124,60.01
13125,63.42
13126,47.37
13127,54.67
13128,51.32
13129,62.58
13130,62.77
13131,50.83
13132,64.49
13133,47.64
13134,58.06
13135,63.01
13136,59.72
13137,55.86
13138,46.63
13139,60.46
13140,61.03
13141,46.34
13142,46.73
13143,48.26
13144,61.04
13145,53.02
13146,60.39
13147,64.00
13148,56.33
13149,51.15
13150,57.69
13151,45.52
13152,59.24
13153,46.16
13154,45.68
13155,60.13
13156,59.92
13157,53.39
13158,46.68
13159,52.62
13160,52.91
13161,53.35
13162,59.12
13163,47.27
13164,61.09
13165,54.02
13166,55.99
13167,54.61
13168,55.50
13169,48.18
13170,49.58
13171,55.83
13172,46.37
13173,47.11
13174,49.73
13175,58.33
13176,63.41
13177,60.27
13178,62.99
13179,48.58
13180,47.49
13181,62.22
13182,61.57
13183,58.62
13184,50.59
13185,54.46
13186,60.59
13187,50.54
13188,45.41
13189,53.55
13190,61.75
13191,49.55
13192,49.97
13193,60.24
13194,58.75
13195,60.19
13196,55.28
13197,51.80
13198,56.62
13199,47.47
13200,58.26
13201,53.21
13202,48.83
13203,48.35
13204,63.05
13205,57.16
13206,60.14
13207,57.03
13208,49.39
13209,60.66
13210,48.36
13211,45.38
13212,54.45
13213,45.71
13214,52.46
13215,48.22
13216,47.15
13217,60.16
13218,46.97
13219,58.79
13220,64.94
13221,56.32
13222,62.61
13223,49.74
13224,49.34
13225,51.20
13226,54.25
13227,54.82
13228,45.09
13229,59.68
13230,62.80
13231,51.29
13232,48.60
13233,59.37
13234,61.62
13235,52.04
13236,45.25
13237,45.08
13238,58.89
13239,57.29
13240,62.77
13241,63.74
13242,54.38
13243,47.95
13244,64.21
13245,47.60
13246,58.95
13247,57.33
13248,48.53
13249,53.95
13250,61.28
13251,45.80
13252,48.05
13253,55.75
13254,50.51
13255,57.79
13256,62.97
13257,59.63
13258,57.42
13259,49.84
13260,51.59
13261,46.41
13262,58.32
13263,55.32
13264,57.19
13265,60.25
13266,50.47
13267,48.80
13268,54.38
13269,56.77
13270,55.85
13271,52.83
13272,52.16
13273,56.84
13274,56.69
13275,47.77
13276,56.41
13277,64.56
13278,55.41
13279,61.11
13280,54.39
13281,63.62
13282,50.51
13283,55.05
13284,56.80
13285,51.64
13286,59.97
13287,64.21
13288,54.98
13289,50.95
13290,45.82
13291,48.09
13292,49.31
13293,61.70
13294,61.55
13295,58.23
13296,62.55
13297,63.79
13298,50.86
13299,57.94
13300,55.04
13301,52.82
13302,50.67
13303,49.53
13304,52.55
13305,51.44
13306,64.53
13307,46.25
13308,63.49
13309,63.58
13310,56.20
13311,64.95
13312,51.25
13313,46.25
13314,46.77
13315,60.11
13316,63.61
13317,54.52
13318,64.71
13319,47.37
13320,52.70
13321,45.41
13322,54.61
13323,58.34
13324,58.06
13325,56.41
13326,55.17
13327,45.12
13328,60.65
13329,54.43
13330,54.44
13331,53.50
13332,64.56
13333,56.55
13334,59.79
13335,58.07
13336,63.10
13337,57.89
13338,61.06
13339,52.30
13340,57.41
13341,51.04
13342,47.68
13343,53.47
13344,52.66
13345,59.26
13346,47.01
13347,56.61
13348,59.01
13349,63.85
13350,57.32
13351,46.43
13352,46.00
13353,53.07
13354,58.96
13355,53.50
13356,54.58
13357,47.77
13358,54.01
13359,58.01
13360,48.24
13361,56.94
13362,60.03
13363,52.25
13364,62.96
13365,64.88
13366,57.72
13367,47.36
13368,61.70
13369,59.51
13370,51.05
13371,53.08
13372,56.36
13373,47.85
13374,59.72
13375,54.45
13376,46.42
13377,49.94
13378,59.48
13379,51.08
13380,64.72
13381,57.68
13382,56.32
13383,54.15
13384,46.05
13385,51.97
13386,47.77
13387,52.89
13388,57.56
13389,55.10
13390,64.60
13391,58.15
13392,52.16
13393,64.72
13394,51.93
13395,48.22
13396,61.17
13397,48.65
13398,56.43
13399,49.85
13400,46.23
13401,59.79
13402,58.93
13403,50.31
13404,49.92
13405,58.77
13406,49.09
13407,53.78
13408,45.62
13409,55.88
13410,58.07
13411,55.46
13412,63.42
13413,74.94
13414,45.69
13415,45.52
13416,64.00
13417,46.71
13418,46.78
13419,62.07
13420,46.48
13421,57.07
13422,50.74
13423,60.70
13424,48.86
13425,55.24
13426,62.41
13427,62.65
13428,59.06
13429,52.30
13430,50.60
13431,62.94
13432,45.59
13433,45.41
13434,56.49
13435,56.76
13436,64.11
13437,48.39
13438,48.22
13439,46.45
13440,53.73
13441,56.53
13442,62.11
13443,58.53
13444,60.02
13445,49.09
13446,52.41
13447,52.03
13448,58.53
13449,55.55
13450,63.46
13451,47.41
13452,51.38
13453,61.82
13454,48.54
13455,57.61
13456,52.22
13457,53.50
13458,61.51
13459,53.43
13460,51.17
13461,53.55
13462,59.86
13463,45.78
13464,55.12
13465,54.08
13466,58.75
13467,45.34
13468,46.11
13469,63.09
13470,55.32
13471,53.88
13472,46.56
13473,46.44
13474,63.86
13475,58.16
13476,47.78
13477,61.63
13478,50.68
13479,60.04
13480,51.69
13481,49.76
13482,53.13
13483,48.06
13484,51.89
13485,56.18
13486,57.01
13487,57.66
13488,59.78
13489,57.79
13490,46.47
13491,50.43
13492,46.89
13493,62.44
13494,58.10
13495,63.95
13496,47.58
13497,46.56
13498,57.51
13499,60.81
13500,54.74
13501,53.70
13502,52.11
13503,46.73
13504,72.30
13505,57.79
13506,53.54
13507,58.80
13508,59.93
13509,59.78
13510,55.84
13511,58.31
13512,55.75
13513,64.88
13514,61.03
13515,51.03
13516,56.63
13517,54.83
13518,49.71
13519,62.87
13520,56.81
13521,64.15
13522,63.02
13523,45.77
13524,60.73
13525,50.93
13526,55.04
13527,50.67
13528,45.00
13529,51.63
13530,63.11
13531,61.69
13532,64.69
13533,51.22
13534,46.55
13535,52.81
13536,60.27
13537,46.94
13538,48.22
13539,62.79
13540,55.62
13541,48.16
13542,62.55
13543,54.32
13544,61.40
13545,59.51
13546,62.01
13547,56.58
13548,61.07
13549,63.97
13550,64.35
13551,50.33
13552,64.52
13553,63.73
13554,56.86
13555,67.01
13556,53.63
13557,50.18
13558,48.39
13559,50.07
13560,63.82
13561,50.50
13562,58.24
13563,47.15
13564,48.40
13565,53.85
13566,45.47
13567,52.88
13568,45.40
13569,48.02
13570,54.90
13571,45.63
13572,51.47
13573,49.44
13574,63.41
13575,64.50
13576,52.26
13577,60.34
13578,50.25
13579,64.37
13580,63.56
13581,55.40
13582,50.02
13583,63.35
13584,60.33
13585,50.58
13586,61.89
13587,53.40
13588,55.29
13589,55.99
13590,56.52
13591,60.51
13592,46.73
13593,47.31
13594,50.23
13595,55.22
13596,52.71
13597,47.15
13598,48.67
13599,56.81
13600,62.44
13601,63.30
13602,58.67
13603,60.40
13604,62.62
13605,51.73
13606,45.92
13607,54.42
13608,45.44
13609,61.56
13610,45.57
13611,62.84
13612,46.96
13613,49.24
13614,52.27
13615,56.31
13616,56.36
13617,64.65
13618,50.22
13619,50.40
13620,46.00
13621,63.04
13622,60.51
13623,59.86
13624,64.24
13625,55.30
13626,56.63
13627,48.43
13628,53.26
13629,53.00
13630,50.69
13631,55.94
13632,46.71
13633,63.15
13634,56.59
13635,57.92
13636,58.80
13637,55.81
13638,53.22
13639,49.32
13640,47.76
13641,52.90
13642,56.72
13643,49.85
13644,61.77
13645,58.89
13646,64.04
13647,58.11
13648,60.55
13649,57.11
13650,57.81
13651,53.28
13652,54.69
13653,52.09
13654,49.11
13655,50.98
13656,64.15
13657,62.10
13658,62.36
13659,50.72
13660,60.09
13661,49.44
13662,47.31
13663,53.25
13664,59.78
13665,57.93
13666,45.12
13667,59.61
13668,61.73
13669,47.07
13670,51.67
13671,45.16
13672,51.02
13673,45.68
13674,51.82
13675,45.06
13676,62.04
13677,56.31
13678,45.10
13679,55.28
13680,49.04
13681,46.63
13682,59.02
13683,53.49
13684,51.70
13685,63.58
13686,57.81
13687,54.93
13688,46.11
13689,52.00
13690,57.14
13691,62.39
13692,64.51
13693,55.79
13694,47.62
13695,49.99
13696,48.65
13697,47.75
13698,53.16
13699,47.18
13700,59.85
13701,50.90
13702,60.92
13703,61.89
13704,51.19
13705,49.13
13706,51.79
13707,59.14
13708,62.77
13709,48.98
13710,46.16
13711,58.50
13712,57.47
13713,53.34
13714,50.78
13715,57.73
13716,61.48
13717,47.72
13718,61.29
13719,49.12
13720,63.99
13721,51.84
13722,58.53
13723,56.83
13724,56.10
13725,60.33
13726,57.81
13727,62.91
13728,54.71
13729,45.38
13730,48.69
13731,50.99
13732,46.72
13733,50.64
13734,55.49
13735,45.41
13736,51.26
13737,55.38
13738,57.88
13739,56.05
13740,45.36
13741,49.02
13742,57.88
13743,63.89
13744,54.27
13745,46.15
13746,64.55
13747,52.19
13748,56.94
13749,50.37
13750,61.26
13751,55.58
13752,52.16
13753,52.76
13754,55.30
13755,53.05
13756,56.08
13757,51.02
13758,57.53
13759,50.87
13760,64.96
13761,49.33
13762,59.19
13763,54.05
13764,61.50
13765,48.64
13766,57.10
13767,50.54
13768,55.19
13769,48.86
13770,62.19
13771,46.32
13772,46.89
13773,45.67
13774,59.91
13775,51.88
13776,51.72
13777,47.59
13778,47.99
13779,59.39
13780,53.74
13781,59.02
13782,62.97
13783,61.17
13784,50.25
13785,48.67
13786,64.67
13787,48.76
13788,59.79
13789,53.43
13790,67.46
13791,56.85
13792,47.20
13793,60.68
13794,63.32
13795,62.87
13796,50.71
13797,48.86
13798,64.42
13799,56.85
13800,51.27
13801,46.65
13802,55.90
13803,60.30
13804,55.16
13805,60.50
13806,49.01
13807,64.52
13808,49.47
13809,45.14
13810,46.01
13811,60.90
13812,62.71
13813,48.03
13814,56.45
13815,57.35
13816,59.99
13817,64.47
13818,68.14
13819,52.72
13820,61.41
13821,49.26
13822,46.99
13823,61.62
13824,60.28
13825,53.64
13826,61.21
13827,61.65
13828,61.50
13829,60.37
13830,50.06
13831,56.05
13832,55.53
13833,46.81
13834,62.80
13835,45.47
13836,52.21
13837,63.69
13838,55.21
13839,49.61
13840,54.68
13841,64.67
13842,45.77
13843,50.11
13844,58.69
13845,47.45
13846,48.88
13847,62.49
13848,46.45
13849,64.60
13850,48.14
13851,55.45
13852,53.55
13853,59.92
13854,56.17
13855,51.70
13856,63.68
13857,49.77
13858,56.99
13859,49.80
13860,46.81
13861,55.15
13862,63.10
13863,53.48
13864,55.06
13865,45.27
13866,64.61
13867,47.23
13868,63.60
13869,48.33
13870,64.40
13871,59.75
13872,47.61
13873,62.14
13874,49.31
13875,51.14
13876,68.11
13877,50.02
13878,56.84
13879,50.79
13880,61.91
13881,63.27
13882,48.07
13883,48.44
13884,59.85
13885,58.81
13886,46.56
13887,62.41
13888,57.51
13889,57.82
13890,56.52
13891,59.19
13892,58.42
13893,69.71
13894,46.05
13895,56.36
13896,63.17
13897,59.61
13898,56.33
13899,56.11
13900,62.08
13901,55.18
13902,53.49
13903,63.05
13904,54.48
13905,61.04
13906,53.55
13907,47.63
13908,48.31
13909,57.00
13910,54.53
13911,49.56
13912,48.26
13913,64.12
13914,55.49
13915,62.99
13916,59.95
13917,48.62
13918,48.03
13919,58.82
13920,47.65
13921,56.00
13922,57.38
13923,47.78
13924,48.47
13925,59.93
13926,63.20
13927,49.14
13928,60.38
13929,47.23
13930,56.96
13931,57.18
13932,54.67
13933,57.81
13934,47.25
13935,47.49
13936,46.77
13937,53.81
13938,56.86
13939,47.07
13940,47.79
13941,50.41
13942,48.96
13943,59.74
13944,45.61
13945,45.34
13946,56.93
13947,52.85
13948,48.69
13949,59.21
13950,46.95
13951,57.70
13952,46.07
13953,59.79
13954,52.80
13955,54.09
13956,62.34
13957,63.29
13958,59.78
13959,61.54
13960,58.98
13961,59.77
13962,45.50
13963,56.64
13964,59.39
13965,56.96
13966,60.84
13967,52.21
13968,49.06
13969,53.84
13970,57.58
13971,59.81
13972,63.08
13973,51.19
13974,49.69
13975,55.19
13976,56.97
13977,56.49
13978,49.93
13979,57.63
13980,55.95
13981,63.35
13982,60.24
13983,51.97
13984,64.40
13985,62.89
13986,60.83
13987,57.45
13988,62.40
13989,48.31
13990,60.88
13991,48.23
13992,55.72
13993,50.77
13994,46.40
13995,52.86
13996,60.69
13997,63.64
13998,59.18
13999,50.13
14000,54.62
14001,46.69
14002,58.09
14003,55.89
14004,56.54
14005,61.36
14006,56.36
14007,46.44
14008,59.25
14009,50.18
14010,59.75
14011,58.27
14012,45.37
14013,60.21
14014,54.89
14015,55.03
14016,47.56
14017,56.65
14018,61.57
14019,57.97
14020,52.45
14021,47.91
14022,52.86
14023,49.66
14024,64.65
14025,59.74
14026,45.05
14027,63.39
14028,62.86
14029,47.90
14030,59.66
14031,46.99
14032,49.30
14033,47.21
14034,47.78
14035,51.92
14036,62.37
14037,58.02
14038,64.28
14039,59.84
14040,47.93
14041,57.25
14042,60.26
14043,70.32
14044,62.03
14045,64.77
14046,55.83
14047,47.63
14048,45.28
14049,64.85
14050,45.55
14051,61.05
14052,56.61
14053,49.41
14054,53.92
14055,62.59
14056,61.56
14057,45.66
14058,63.33
14059,66.51
14060,62.00
14061,51.44
14062,47.04
14063,64.49
14064,63.32
14065,46.40
14066,55.09
14067,59.21
14068,49.01
14069,60.79
14070,53.58
14071,64.49
14072,59.78
14073,56.13
14074,49.50
14075,59.90
14076,54.20
14077,61.65
14078,59.18
14079,56.31
14080,48.23
14081,46.49
14082,53.70
14083,56.41
14084,60.12
14085,59.01
14086,56.65
14087,57.70
14088,62.10
14089,61.77
14090,56.88
14091,59.86
14092,58.40
14093,57.92
14094,64.66
14095,64.69
14096,64.32
14097,57.17
14098,62.06
14099,59.64
14100,48.58
14101,48.69
14102,60.05
14103,56.97
14104,62.27
14105,54.07
14106,62.47
14107,60.98
14108,64.10
14109,63.59
14110,51.45
14111,57.97
14112,55.26
14113,51.62
14114,49.49
14115,53.30
14116,51.58
14117,45.31
14118,47.90
14119,59.91
14120,55.01
14121,63.40
14122,59.58
14123,57.25
14124,54.58
14125,52.88
14126,55.34
14127,50.25
14128,45.21
14129,62.85
14130,57.30
14131,51.09
14132,45.52
14133,53.98
14134,51.82
14135,49.25
14136,57.45
14137,62.46
14138,49.05
14139,47.03
14140,46.87
14141,63.69
14142,47.17
14143,48.90
14144,50.96
14145,47.40
14146,64.08
14147,49.11
14148,57.67
14149,49.56
14150,48.90
14151,50.93
14152,45.56
14153,62.67
14154,48.51
14155,50.55
14156,54.81
14157,47.18
14158,45.77
14159,52.97
14160,46.43
14161,59.71
14162,54.99
14163,61.69
14164,47.63
14165,60.80
14166,46.61
14167,56.65
14168,52.47
14169,51.11
14170,51.61
14171,62.97
14172,47.92
14173,55.97
14174,58.29
14175,58.81
14176,57.85
14177,51.38
14178,61.75
14179,50.68
14180,64.10
14181,58.58
14182,49.22
14183,48.82
14184,56.40
14185,48.33
14186,49.08
14187,52.36
14188,51.55
14189,47.80
14190,59.42
14191,49.95
14192,59.95
14193,53.00
14194,52.39
14195,64.19
14196,61.10
14197,55.98
14198,54.77
14199,56.09
14200,58.81
14201,53.09
14202,61.77
14203,52.60
14204,47.37
14205,64.89
14206,56.15
14207,55.20
14208,51.90
14209,55.04
14210,45.34
14211,63.10
14212,63.17
14213,46.74
14214,60.82
14215,60.24
14216,46.88
14217,49.94
14218,50.04
14219,51.93
14220,50.99
14221,53.28
14222,56.42
14223,55.05
14224,51.16
14225,52.75
14226,63.85
14227,54.55
14228,64.31
14229,45.88
14230,53.56
14231,46.72
14232,56.92
14233,46.13
14234,63.99
14235,47.41
14236,53.35
14237,52.63
14238,58.12
14239,47.93
14240,47.95
14241,53.39
14242,56.26
14243,51.12
14244,62.66
14245,62.96
14246,48.45
14247,52.03
14248,62.13
14249,62.51
14250,58.70
14251,56.41
14252,46.68
14253,60.05
14254,45.53
14255,53.36
14256,61.46
14257,64.37
14258,62.77
14259,47.14
14260,51.44
14261,59.57
14262,52.99
14263,51.39
14264,62.43
14265,56.42
14266,47.66
14267,52.15
14268,57.80
14269,48.29
14270,60.99
14271,58.41
14272,63.70
14273,56.47
14274,50.77
14275,50.54
14276,61.59
14277,46.72
14278,62.49
14279,62.73
14280,58.21
14281,54.32
14282,60.16
14283,58.56
14284,64.04
14285,48.70
14286,60.62
14287,50.92
14288,60.42
14289,47.18
14290,46.07
14291,52.79
14292,56.22
14293,56.71
14294,47.13
14295,60.62
14296,47.31
14297,53.05
14298,64.90
14299,62.94
14300,62.28
14301,52.46
14302,51.90
14303,58.28
14304,56.09
14305,58.79
14306,49.81
14307,56.85
14308,56.54
14309,56.23
14310,51.51
14311,47.32
14312,48.91
14313,64.52
14314,56.62
14315,47.78
14316,56.45
14317,49.45
14318,51.74
14319,62.73
14320,46.88
14321,57.12
14322,51.15
14323,61.86
14324,64.22
14325,58.37
14326,53.36
14327,59.65
14328,60.15
14329,58.38
14330,62.71
14331,55.11
14332,50.93
14333,53.09
14334,61.38
14335,53.89
14336,49.08
14337,58.88
14338,56.85
14339,46.15
14340,46.68
14341,58.47
14342,49.26
14343,46.73
14344,53.16
14345,60.60
14346,52.02
14347,47.72
14348,49.96
14349,56.81
14350,63.01
14351,51.30
14352,47.82
14353,46.98
14354,49.50
14355,56.07
14356,55.70
14357,57.23
14358,50.05
14359,46.19
14360,63.79
14361,54.92
14362,49.06
14363,56.44
14364,46.42
14365,49.84
14366,62.19
14367,54.50
14368,54.94
14369,48.53
14370,58.57
14371,53.46
14372,52.93
14373,62.05
14374,45.92
14375,58.84
14376,46.59
14377,64.27
14378,47.29
14379,56.65
14380,61.82
14381,45.93
14382,56.78
14383,48.29
14384,45.14
14385,55.26
14386,49.38
14387,58.11
14388,64.39
14389,45.97
14390,49.31
14391,57.34
14392,55.64
14393,56.39
14394,53.33
14395,61.95
14396,55.43
14397,56.58
14398,64.20
14399,60.21
14400,52.99
14401,55.71
14402,51.41
14403,67.30
14404,50.93
14405,50.78
14406,53.77
14407,51.77
14408,51.25
14409,61.90
14410,53.92
14411,54.29
14412,64.13
14413,53.43
14414,51.74
14415,47.72
14416,60.08
14417,48.00
14418,51.57
14419,64.25
14420,59.53
14421,45.11
14422,64.55
14423,56.40
14424,61.73
14425,60.04
14426,45.42
14427,62.32
14428,61.75
14429,50.07
14430,52.98
14431,54.99
14432,48.80
14433,55.89
14434,64.94
14435,51.05
14436,51.36
14437,48.12
14438,56.15
14439,55.23
14440,45.97
14441,49.44
14442,46.26
14443,45.65
14444,56.70
14445,58.62
14446,47.37
14447,62.35
14448,57.23
14449,50.45
14450,64.66
14451,54.77
14452,59.15
14453,54.85
14454,62.61
14455,59.50
14456,55.79
14457,64.23
14458,57.44
14459,53.82
14460,59.60
14461,54.59
14462,58.40
14463,45.19
14464,49.68
14465,57.20
14466,46.30
14467,53.73
14468,63.30
14469,57.89
14470,51.72
14471,61.20
14472,46.71
14473,52.30
14474,49.87
14475,58.28
14476,61.40
14477,55.22
14478,45.70
14479,50.56
14480,64.07
14481,46.89
14482,59.49
14483,55.55
14484,59.71
14485,52.27
14486,49.36
14487,59.87
14488,58.09
14489,50.83
14490,54.63
14491,56.08
14492,48.60
14493,54.89
14494,62.19
14495,61.99
14496,55.92
14497,56.23
14498,51.15
14499,57.93
14500,48.47
14501,49.79
14502,51.65
14503,54.42
14504,63.36
14505,48.03
14506,46.31
14507,53.10
14508,56.29
14509,62.23
14510,55.98
14511,51.97
14512,60.57
14513,55.03
14514,60.66
14515,57.44
14516,48.52
14517,47.89
14518,54.21
14519,63.57
14520,45.07
14521,55.32
14522,50.07
14523,54.85
14524,60.72
14525,47.59
14526,56.79
14527,55.25
14528,56.59
14529,57.11
14530,51.92
14531,51.30
14532,63.30
14533,57.72
14534,55.57
14535,47.49
14536,54.75
14537,53.40
14538,56.18
14539,49.75
14540,46.60
14541,62.97
14542,63.77
14543,60.95
14544,59.48
14545,54.52
14546,45.42
14547,64.55
14548,57.37
14549,49.83
14550,58.56
14551,45.26
14552,52.86
14553,45.20
14554,63.88
14555,45.42
14556,52.56
14557,63.20
14558,49.03
14559,59.50
14560,62.21
14561,61.23
14562,58.49
14563,63.54
14564,50.65
14565,62.90
14566,63.93
14567,55.27
14568,50.77
14569,56.52
14570,63.45
14571,61.96
14572,48.45
14573,55.00
14574,45.18
14575,49.94
14576,63.97
14577,60.51
14578,52.59
14579,55.57
14580,46.08
14581,60.29
14582,51.32
14583,63.63
14584,49.26
14585,54.16
14586,53.31
14587,63.61
14588,58.80
14589,52.40
14590,48.01
14591,50.22
14592,58.51
14593,49.68
14594,58.66
14595,61.03
14596,57.02
14597,46.27
14598,48.04
14599,59.62
14600,45.61
14601,47.60
14602,49.66
14603,52.24
14604,45.79
14605,57.64
14606,45.62
14607,57.62
14608,54.63
14609,50.25
14610,49.51
14611,61.00
14612,51.71
14613,63.87
14614,53.26
14615,58.15
14616,64.29
14617,53.06
14618,60.22
14619,72.01
14620,60.52
14621,60.75
14622,56.54
14623,55.68
14624,52.32
14625,63.38
14626,65.59
14627,57.49
14628,58.22
14629,52.74
14630,45.80
14631,47.72
14632,45.15
14633,45.32
14634,48.39
14635,61.83
14636,63.71
14637,56.29
14638,60.09
14639,57.54
14640,59.74
14641,55.85
14642,45.41
14643,45.30
14644,50.23
14645,57.49
14646,56.50
14647,59.52
14648,52.81
14649,46.02
14650,47.15
14651,53.70
14652,46.48
14653,58.13
14654,48.21
14655,63.86
14656,60.88
14657,53.48
14658,54.53
14659,54.62
14660,63.50
14661,57.62
14662,51.71
14663,50.06
14664,56.08
14665,49.95
14666,45.99
14667,49.41
14668,62.02
14669,56.03
14670,56.86
14671,56.40
14672,64.39
14673,53.60
14674,56.89
14675,46.02
14676,46.25
14677,45.11
14678,48.19
14679,49.60
14680,48.54
14681,56.03
14682,63.65
14683,63.77
14684,64.48
14685,63.70
14686,60.72
14687,51.98
14688,61.60
14689,48.42
14690,62.94
14691,60.08
14692,49.28
14693,45.05
14694,47.81
14695,56.71
14696,53.87
14697,64.01
14698,50.74
14699,59.11
14700,56.82
14701,49.78
14702,56.86
14703,57.34
14704,54.45
14705,51.29
14706,48.23
14707,63.77
14708,50.27
14709,62.37
14710,63.50
14711,49.32
14712,59.59
14713,46.58
14714,60.08
14715,45.77
14716,61.04
14717,62.06
14718,50.20
14719,60.49
14720,52.20
14721,60.65
14722,60.00
14723,54.14
14724,47.85
14725,46.02
14726,46.56
14727,58.02
14728,51.29
14729,46.67
14730,53.16
14731,52.64
14732,54.32
14733,54.46
14734,61.00
14735,49.44
14736,53.73
14737,56.73
14738,51.88
14739,46.81
14740,56.02
14741,58.83
14742,46.22
14743,54.80
14744,53.12
14745,63.23
14746,57.53
14747,48.46
14748,59.31
14749,49.01
14750,48.92
14751,46.14
14752,54.87
14753,61.65
14754,62.94
14755,53.72
14756,64.45
14757,49.76
14758,52.22
14759,50.58
14760,48.13
14761,52.13
14762,62.81
14763,47.25
14764,50.16
14765,61.71
14766,58.06
14767,62.28
14768,48.74
14769,57.23
14770,60.26
14771,61.85
14772,49.86
14773,50.30
14774,64.65
14775,56.72
14776,57.90
14777,55.84
14778,59.30
14779,61.57
14780,46.63
14781,56.84
14782,53.33
14783,57.23
14784,61.41
14785,62.57
14786,53.32
14787,53.35
14788,61.12
14789,64.09
14790,48.43
14791,63.00
14792,57.95
14793,52.34
14794,48.14
14795,60.00
14796,49.26
14797,60.29
14798,60.45
14799,63.00
14800,57.36
14801,54.36
14802,47.27
14803,56.98
14804,48.54
14805,47.44
14806,49.13
14807,60.95
14808,45.40
14809,58.64
14810,49.21
14811,48.24
14812,61.34
14813,50.29
14814,46.11
14815,60.74
14816,54.18
14817,52.66
14818,55.58
14819,48.18
14820,60.69
14821,57.28
14822,59.48
14823,62.12
14824,53.68
14825,53.19
14826,47.98
14827,62.71
14828,46.46
14829,46.96
14830,61.76
14831,55.10
14832,56.84
14833,50.95
14834,61.02
14835,52.01
14836,57.32
14837,48.62
14838,57.86
14839,61.71
14840,52.39
14841,56.53
14842,52.48
14843,56.61
14844,53.97
14845,62.13
14846,48.49
14847,49.44
14848,56.19
14849,50.27
14850,60.09
14851,62.17
14852,54.02
14853,51.37
14854,48.37
14855,54.45
14856,58.47
14857,45.51
14858,61.48
14859,52.61
14860,51.16
14861,50.32
14862,49.13
14863,64.28
14864,48.57
14865,45.05
14866,49.79
14867,50.59
14868,52.79
14869,45.65
14870,60.89
14871,59.58
14872,63.13
14873,64.67
14874,56.45
14875,50.96
14876,54.89
14877,62.88
14878,52.60
14879,58.49
14880,59.40
14881,58.72
14882,57.35
14883,53.69
14884,63.78
14885,60.40
14886,62.74
14887,63.33
14888,47.17
14889,49.59
14890,49.74
14891,48.87
14892,46.99
14893,52.58
14894,45.73
14895,60.26
14896,48.20
14897,73.18
14898,53.38
14899,56.99
14900,61.46
14901,53.51
14902,55.78
14903,53.24
14904,57.93
14905,66.79
14906,56.27
14907,52.51
14908,51.40
14909,56.03
14910,55.68
14911,50.09
14912,49.20
14913,61.83
14914,50.86
14915,60.29
14916,64.48
14917,53.13
14918,62.22
14919,50.62
14920,58.93
14921,55.78
14922,46.31
14923,54.31
14924,71.29
14925,62.96
14926,58.72
14927,55.02
14928,57.12
14929,55.85
14930,57.03
14931,63.18
14932,58.35
14933,49.62
14934,62.65
14935,63.15
14936,62.33
14937,45.33
14938,63.90
14939,59.96
14940,51.47
14941,54.48
14942,45.04
14943,64.35
14944,47.15
14945,45.45
14946,51.61
14947,48.01
14948,62.65
14949,55.92
14950,45.50
14951,57.73
14952,56.91
14953,49.01
14954,45.40
14955,58.35
14956,58.96
14957,50.39
14958,54.77
14959,54.58
14960,54.65
14961,63.02
14962,49.67
14963,59.35
14964,49.48
14965,54.72
14966,61.61
14967,61.73
14968,46.21
14969,52.80
14970,63.31
14971,61.90
14972,62.74
14973,62.52
14974,57.77
14975,51.00
14976,46.34
14977,64.61
14978,45.48
14979,62.25
14980,50.74
14981,56.56
14982,62.29
14983,51.18
14984,56.76
14985,66.59
14986,54.15
14987,53.27
14988,61.58
14989,63.00
14990,47.12
14991,49.63
14992,56.28
14993,58.26
14994,52.84
14995,60.50
14996,62.66
14997,55.02
14998,51.83
14999,62.72
15000,49.53
15001,51.48
15002,58.28
15003,53.66
15004,48.69
15005,49.56
15006,52.39
15007,49.68
15008,59.04
15009,55.41
15010,62.19
15011,53.70
15012,45.97
15013,61.27
15014,46.17
15015,46.28
15016,64.52
15017,54.01
15018,46.30
15019,61.09
15020,62.53
15021,57.53
15022,46.63
15023,57.41
15024,64.36
15025,53.37
15026,63.48
15027,57.79
15028,48.09
15029,56.57
15030,49.42
15031,59.33
15032,48.42
15033,60.22
15034,52.47
15035,51.99
15036,53.11
15037,57.62
15038,52.85
15039,51.07
15040,52.41
15041,58.45
15042,61.86
15043,52.87
15044,64.15
15045,56.08
15046,54.67
15047,70.13
15048,56.29
15049,57.54
15050,62.12
15051,53.95
15052,60.34
15053,64.99
15054,64.84
15055,47.00
15056,46.06
15057,58.22
15058,57.86
15059,56.46
15060,46.05
15061,58.52
15062,62.35
15063,59.23
15064,60.92
15065,55.30
15066,45.51
15067,47.09
15068,58.22
15069,50.03
15070,48.08
15071,59.60
15072,50.58
15073,49.38
15074,59.66
15075,51.56
15076,55.96
15077,54.40
15078,56.26
15079,59.07
15080,48.53
15081,60.75
15082,53.24
15083,51.96
15084,46.97
15085,62.63
15086,57.64
15087,59.47
15088,63.73
15089,47.02
15090,62.34
15091,45.60
15092,63.22
15093,64.50
15094,45.30
15095,64.77
15096,60.09
15097,45.63
15098,60.08
15099,57.16
15100,52.12
15101,48.04
15102,46.19
15103,54.61
15104,64.70
15105,47.99
15106,49.14
15107,48.13
15108,62.96
15109,50.09
15110,56.16
15111,52.02
15112,50.00
15113,49.52
15114,55.17
15115,49.97
15116,51.82
15117,56.31
15118,50.34
15119,57.35
15120,54.93
15121,50.28
15122,57.20
15123,45.00
15124,56.04
15125,62.33
15126,64.47
15127,46.46
15128,59.84
15129,53.74
15130,48.78
15131,62.65
15132,52.39
15133,56.15
15134,45.40
15135,58.92
15136,60.02
15137,63.85
15138,46.09
15139,62.07
15140,57.27
15141,55.60
15142,58.50
15143,58.32
15144,59.69
15145,49.24
15146,45.60
15147,57.05
15148,51.33
15149,51.61
15150,53.87
15151,48.92
15152,62.51
15153,47.33
15154,52.97
15155,45.19
15156,49.91
15157,48.91
15158,49.41
15159,61.87
15160,51.46
15161,51.58
15162,49.49
15163,48.94
15164,61.37
15165,46.10
15166,51.41
15167,58.90
15168,46.25
15169,61.72
15170,61.69
15171,61.81
15172,50.36
15173,58.57
15174,56.83
15175,63.68
15176,58.20
15177,61.15
15178,45.78
15179,47.24
15180,60.18
15181,55.19
15182,52.99
15183,45.34
15184,57.78
15185,59.88
15186,52.79
15187,59.72
15188,54.71
15189,55.10
15190,57.21
15191,64.08
15192,60.05
15193,62.32
15194,59.30
15195,64.01
15196,46.88
15197,48.31
15198,53.78
15199,63.62
15200,55.51
15201,61.07
15202,56.05
15203,53.56
15204,59.65
15205,62.16
15206,57.36
15207,49.49
15208,53.34
15209,50.82
15210,51.36
15211,59.54
15212,46.97
15213,60.31
15214,74.46
15215,64.32
15216,58.63
15217,46.14
15218,48.64
15219,57.67
15220,52.63
15221,52.37
15222,61.26
15223,62.64
15224,57.57
15225,50.87
15226,64.07
15227,59.82
15228,55.90
15229,50.20
15230,46.56
15231,60.26
15232,61.21
15233,46.02
15234,63.54
15235,58.14
15236,57.09
15237,58.17
15238,48.21
15239,62.12
15240,63.78
15241,49.25
15242,56.68
15243,49.11
15244,53.74
15245,46.12
15246,47.27
15247,49.20
15248,49.97
15249,47.66
15250,55.19
15251,55.64
15252,48.29
15253,52.35
15254,59.45
15255,64.73
15256,46.21
15257,52.24
15258,64.26
15259,52.16
15260,46.64
15261,56.20
15262,52.43
15263,46.20
15264,59.79
15265,57.66
15266,56.66
15267,62.97
15268,57.99
15269,52.01
15270,51.90
15271,48.41
15272,53.48
15273,56.71
15274,47.48
15275,54.80
15276,45.88
15277,52.73
15278,54.50
15279,55.44
15280,47.45
15281,55.61
15282,51.60
15283,53.27
15284,47.55
15285,61.10
15286,74.70
15287,60.53
15288,48.01
15289,53.42
15290,53.90
15291,64.35
15292,59.38
15293,47.38
15294,51.19
15295,50.37
15296,53.43
15297,72.51
15298,64.11
15299,56.08
15300,47.12
15301,63.94
15302,51.10
15303,56.95
15304,56.01
15305,57.00
15306,48.19
15307,64.88
15308,61.29
15309,45.56
15310,48.53
15311,60.93
15312,47.02
15313,45.14
15314,62.31
15315,46.05
15316,58.70
15317,63.85
15318,51.20
15319,59.45
15320,51.73
15321,49.42
15322,54.71
15323,52.83
15324,56.32
15325,61.80
15326,53.03
15327,45.37
15328,50.91
15329,60.04
15330,60.32
15331,61.20
15332,60.29
15333,73.53
15334,57.45
15335,51.71
15336,45.89
15337,47.22
15338,58.77
15339,51.00
15340,57.99
15341,54.16
15342,64.82
15343,62.58
15344,71.28
15345,51.42
15346,63.28
15347,55.69
15348,57.55
15349,62.16
15350,64.36
15351,58.73
15352,47.10
15353,64.68
15354,61.05
15355,57.72
15356,64.94
15357,53.17
15358,53.60
15359,60.59
15360,63.55
15361,60.30
15362,53.80
15363,47.87
15364,56.16
15365,70.18
15366,61.97
15367,58.26
15368,60.02
15369,49.70
15370,45.11
15371,51.98
15372,54.03
15373,62.64
15374,63.81
15375,64.85
15376,55.80
15377,63.21
15378,64.88
15379,55.44
15380,49.00
15381,53.43
15382,49.90
15383,53.52
15384,47.04
15385,58.03
15386,55.29
15387,58.99
15388,57.35
15389,57.92
15390,63.41
15391,64.97
15392,53.38
15393,64.20
15394,49.49
15395,53.19
15396,58.86
15397,54.02
15398,64.92
15399,61.17
15400,57.90
15401,52.59
15402,63.47
15403,51.80
15404,68.81
15405,53.54
15406,47.88
15407,51.04
15408,54.53
15409,56.94
15410,48.49
15411,63.64
15412,63.26
15413,55.54
15414,58.33
15415,61.71
15416,55.98
15417,57.75
15418,51.61
15419,56.27
15420,45.05
15421,61.79
15422,53.16
15423,45.97
15424,51.72
15425,51.55
15426,62.71
15427,55.04
15428,48.51
15429,47.55
15430,65.55
15431,56.59
15432,62.37
15433,60.62
15434,61.03
15435,63.86
15436,47.17
15437,50.17
15438,60.49
15439,59.52
15440,64.15
15441,62.49
15442,60.97
15443,55.63
15444,62.53
15445,51.64
15446,59.39
15447,49.02
15448,46.20
15449,46.05
15450,64.39
15451,62.49
15452,54.22
15453,55.93
15454,48.54
15455,64.20
15456,63.58
15457,49.34
15458,64.76
15459,50.96
15460,47.15
15461,61.23
15462,56.05
15463,49.91
15464,60.42
15465,62.90
15466,46.86
15467,52.90
15468,47.39
15469,54.89
15470,59.84
15471,59.21
15472,63.83
15473,56.47
15474,62.75
15475,57.52
15476,49.32
15477,70.11
15478,50.45
15479,48.85
15480,52.07
15481,60.65
15482,49.74
15483,57.75
15484,56.52
15485,53.74
15486,45.86
15487,48.89
15488,57.63
15489,52.58
15490,60.26
15491,57.57
15492,63.21
15493,45.08
15494,63.51
15495,52.12
15496,56.33
15497,55.52
15498,57.72
15499,50.42
15500,56.55
15501,56.46
15502,54.71
15503,63.98
15504,45.69
15505,50.68
15506,59.71
15507,57.04
15508,57.21
15509,52.74
15510,64.46
15511,60.04
15512,56.90
15513,64.70
15514,62.18
15515,61.71
15516,49.81
15517,51.34
15518,64.10
15519,63.06
15520,55.04
15521,57.06
15522,64.83
15523,55.46
15524,52.67
15525,53.00
15526,58.53
15527,61.43
15528,61.27
15529,47.11
15530,61.57
15531,53.49
15532,59.25
15533,64.91
15534,59.44
15535,61.81
15536,56.07
15537,52.91
15538,59.33
15539,58.70
15540,53.67
15541,57.01
15542,57.68
15543,47.66
15544,57.77
15545,52.56
15546,56.23
15547,64.89
15548,60.30
15549,59.40
15550,61.31
15551,54.33
15552,47.35
15553,50.59
15554,52.21
15555,59.32
15556,53.88
15557,61.41
15558,55.30
15559,59.88
15560,48.15
15561,59.77
15562,46.37
15563,64.15
15564,52.57
15565,45.18
15566,48.87
15567,61.44
15568,45.19
15569,51.13
15570,47.02
15571,55.98
15572,62.97
15573,53.68
15574,55.11
15575,49.92
15576,45.37
15577,55.73
15578,54.89
15579,45.63
15580,46.36
15581,55.02
15582,58.08
15583,48.43
15584,49.75
15585,52.65
15586,61.71
15587,45.41
15588,45.03
15589,61.17
15590,48.99
15591,57.66
15592,59.50
15593,58.82
15594,59.44
15595,46.37
15596,46.06
15597,52.10
15598,46.50
15599,58.68
15600,52.69
15601,54.57
15602,64.32
15603,54.92
15604,53.09
15605,64.32
15606,64.17
15607,48.06
15608,52.29
15609,53.98
15610,49.01
15611,53.19
15612,56.57
15613,60.23
15614,57.10
15615,61.16
15616,58.66
15617,63.02
15618,62.09
15619,58.35
15620,58.90
15621,50.30
15622,57.48
15623,64.19
15624,47.59
15625,45.11
15626,61.71
15627,51.78
15628,60.98
15629,54.91
15630,58.34
15631,50.76
15632,48.76
15633,45.43
15634,45.13
15635,47.65
15636,47.17
15637,55.27
15638,59.92
15639,61.24
15640,54.02
15641,45.53
15642,55.18
15643,51.52
15644,55.54
15645,62.99
15646,52.09
15647,61.27
15648,61.08
15649,51.93
15650,57.16
15651,45.78
15652,47.11
15653,56.46
15654,49.84
15655,59.73
15656,64.06
15657,50.03
15658,64.17
15659,58.26
15660,53.91
15661,60.77
15662,56.70
15663,57.34
15664,55.92
15665,48.65
15666,48.92
15667,47.88
15668,55.58
15669,51.62
15670,59.84
15671,51.50
15672,59.63
15673,63.62
15674,46.95
15675,64.58
15676,60.34
15677,47.10
15678,60.53
15679,47.30
15680,62.57
15681,49.56
15682,53.42
15683,64.12
15684,50.11
15685,55.44
15686,53.88
15687,62.17
15688,59.44
15689,45.07
15690,56.86
15691,49.14
15692,49.15
15693,51.24
15694,60.08
15695,59.00
15696,62.78
15697,46.24
15698,59.01
15699,58.77
15700,64.37
15701,46.45
15702,61.42
15703,54.79
15704,52.77
15705,47.24
15706,55.18
15707,58.90
15708,55.27
15709,45.80
15710,52.85
15711,46.87
15712,50.94
15713,48.99
15714,59.01
15715,46.47
15716,55.38
15717,59.51
15718,55.15
15719,63.62
15720,49.84
15721,68.67
15722,64.86
15723,55.72
15724,50.64
15725,63.72
15726,45.41
15727,52.99
15728,45.45
15729,46.35
15730,62.72
15731,46.84
15732,59.40
15733,60.04
15734,50.30
15735,50.44
15736,50.51
15737,46.76
15738,51.02
15739,64.03
15740,58.36
15741,51.37
15742,47.65
15743,51.15
15744,61.03
15745,53.23
15746,56.43
15747,62.54
15748,57.76
15749,51.21
15750,46.75
15751,56.38
15752,48.83
15753,62.94
15754,50.85
15755,51.11
15756,45.07
15757,54.01
15758,48.17
15759,46.47
15760,57.50
15761,55.63
15762,64.66
15763,51.74
15764,60.00
15765,60.19
15766,47.80
15767,64.81
15768,57.29
15769,47.10
15770,47.56
15771,54.97
15772,63.97
15773,53.06
15774,50.59
15775,51.93
15776,53.91
15777,60.16
15778,45.34
15779,45.58
15780,49.37
15781,55.13
15782,54.06
15783,60.39
15784,64.04
15785,50.01
15786,45.83
15787,53.16
15788,56.40
15789,45.12
15790,46.55
15791,52.84
15792,72.88
15793,63.99
15794,47.81
15795,51.50
15796,63.57
15797,49.11
15798,59.55
15799,48.74
15800,49.72
15801,64.52
15802,49.86
15803,58.41
15804,45.33
15805,53.37
15806,63.85
15807,49.03
15808,56.10
15809,54.21
15810,47.46
15811,45.45
15812,53.85
15813,63.39
15814,64.56
15815,53.06
15816,45.03
15817,62.39
15818,51.21
15819,51.76
15820,47.79
15821,45.31
15822,57.16
15823,45.65
15824,59.63
15825,52.65
15826,51.35
15827,49.60
15828,51.34
15829,46.58
15830,62.96
15831,59.78
15832,55.11
15833,48.29
15834,50.86
15835,63.25
15836,62.57
15837,58.67
15838,59.40
15839,57.91
15840,59.08
15841,56.95
15842,56.65
15843,59.25
15844,59.64
15845,58.02
15846,48.94
15847,59.47
15848,60.41
15849,56.52
15850,63.09
15851,49.92
15852,49.28
15853,61.91
15854,48.75
15855,54.31
15856,52.52
15857,47.49
15858,46.75
15859,46.81
15860,47.61
15861,46.81
15862,45.19
15863,55.82
15864,59.82
15865,63.95
15866,53.23
15867,50.27
15868,54.22
15869,49.24
15870,45.19
15871,45.42
15872,49.38
15873,62.09
15874,58.48
15875,50.45
15876,56.46
15877,63.48
15878,51.96
15879,60.06
15880,60.37
15881,53.18
15882,49.13
15883,45.52
15884,56.35
15885,51.36
15886,53.46
15887,57.50
15888,48.22
15889,46.40
15890,56.53
15891,54.92
15892,60.01
15893,73.37
15894,57.55
15895,48.82
15896,46.70
15897,61.54
15898,61.72
15899,61.35
15900,57.66
15901,60.08
15902,53.83
15903,57.44
15904,53.04
15905,45.92
15906,51.16
15907,63.18
15908,62.50
15909,58.28
15910,58.22
15911,50.62
15912,48.56
15913,61.10
15914,45.28
15915,61.22
15916,56.47
15917,54.42
15918,63.06
15919,64.14
15920,54.70
15921,57.66
15922,58.41
15923,57.57
15924,47.37
15925,55.88
15926,56.97
15927,59.38
15928,62.11
15929,58.47
15930,62.87
15931,57.23
15932,62.62
15933,61.24
15934,52.00
15935,64.01
15936,60.09
15937,60.87
15938,51.27
15939,54.51
15940,53.74
15941,59.34
15942,52.31
15943,50.32
15944,56.93
15945,58.19
15946,54.38
15947,61.96
15948,57.30
15949,54.74
15950,55.78
15951,58.02
15952,49.03
15953,55.94
15954,57.95
15955,58.89
15956,64.07
15957,63.83
15958,46.76
15959,57.22
15960,52.23
15961,54.22
15962,56.16
15963,53.73
15964,47.62
15965,54.74
15966,60.45
15967,56.44
15968,52.89
15969,62.27
15970,52.87
15971,54.80
15972,60.36
15973,62.94
15974,48.12
15975,45.52
15976,48.81
15977,61.02
15978,51.91
15979,48.81
15980,53.34
15981,46.02
15982,49.16
15983,52.39
15984,45.89
15985,59.92
15986,54.80
15987,52.10
15988,63.49
15989,49.11
15990,58.58
15991,54.29
15992,53.68
15993,49.22
15994,56.09
15995,45.20
15996,55.34
15997,52.23
15998,53.71
15999,54.86
16000,52.04
16001,58.23
16002,54.63
16003,63.69
16004,50.01
16005,63.12
16006,52.33
16007,47.54
16008,60.14
16009,60.30
16010,65.76
16011,49.89
16012,55.45
16013,52.07
16014,51.81
16015,50.42
16016,45.09
16017,47.49
16018,66.26
16019,50.14
16020,62.88
16021,59.66
16022,52.52
16023,55.68
16024,50.90
16025,49.67
16026,62.32
16027,55.37
16028,61.58
16029,48.08
16030,57.34
16031,58.27
16032,45.03
16033,51.44
16034,64.04
16035,56.51
16036,60.57
16037,56.16
16038,60.73
16039,61.45
16040,46.75
16041,54.04
16042,56.12
16043,51.25
16044,51.73
16045,45.98
16046,45.92
16047,59.24
16048,62.11
16049,51.41
16050,64.55
16051,55.05
16052,55.48
16053,53.86
16054,52.57
16055,62.95
16056,56.16
16057,51.86
16058,62.95
16059,50.66
16060,56.06
16061,61.27
16062,56.57
16063,55.59
16064,64.14
16065,53.53
16066,50.80
16067,63.93
16068,45.61
16069,47.14
16070,60.49
16071,45.47
16072,63.77
16073,59.51
16074,50.70
16075,49.32
16076,50.15
16077,51.53
16078,54.50
16079,46.36
16080,45.85
16081,46.67
16082,45.38
16083,61.01
16084,56.93
16085,59.97
16086,47.15
16087,56.54
16088,50.54
16089,47.59
16090,54.12
16091,56.25
16092,53.29
16093,64.73
16094,46.25
16095,47.57
16096,62.44
16097,58.55
16098,51.36
16099,51.51
16100,61.07
16101,48.50
16102,58.12
16103,48.18
16104,59.34
16105,46.57
16106,63.48
16107,52.86
16108,53.71
16109,50.94
16110,62.95
16111,50.76
16112,61.33
16113,48.92
16114,45.59
16115,51.68
16116,48.47
16117,64.53
16118,60.39
16119,60.64
16120,63.93
16121,55.05
16122,48.10
16123,52.18
16124,47.01
16125,46.91
16126,47.29
16127,47.31
16128,48.53
16129,55.90
16130,58.01
16131,48.97
16132,47.07
16133,51.24
16134,46.39
16135,64.75
16136,48.78
16137,60.30
16138,49.93
16139,51.27
16140,60.77
16141,58.23
16142,59.39
16143,73.46
16144,50.03
16145,53.95
16146,60.34
16147,61.57
16148,61.42
16149,59.49
16150,56.72
16151,61.23
16152,64.12
16153,55.65
16154,62.29
16155,58.63
16156,45.32
16157,61.83
16158,57.43
16159,45.63
16160,58.06
16161,57.69
16162,55.50
16163,49.88
16164,47.43
16165,56.44
16166,58.06
16167,49.85
16168,48.84
16169,50.91
16170,48.25
16171,61.64
16172,46.33
16173,48.42
16174,48.25
16175,63.92
16176,62.22
16177,57.72
16178,62.24
16179,50.64
16180,61.98
16181,53.44
16182,58.51
16183,46.49
16184,45.16
16185,49.02
16186,55.70
16187,56.78
16188,50.60
16189,50.43
16190,55.49
16191,57.54
16192,62.82
16193,48.04
16194,61.07
16195,54.03
16196,45.30
16197,52.22
16198,46.84
16199,56.42
16200,45.40
16201,56.44
16202,46.41
16203,61.04
16204,57.71
16205,49.93
16206,53.17
16207,57.70
16208,56.50
16209,51.57
16210,58.91
16211,54.70
16212,64.35
16213,48.76
16214,53.56
16215,62.86
16216,61.08
16217,50.49
16218,46.19
16219,64.42
16220,64.71
16221,51.37
16222,56.47
16223,50.03
16224,48.53
16225,45.48
16226,56.76
16227,53.23
16228,50.88
16229,55.83
16230,63.43
16231,63.12
16232,52.99
16233,63.40
16234,59.87
16235,50.55
16236,48.95
16237,57.62
16238,46.13
16239,47.66
16240,51.24
16241,57.84
16242,53.69
16243,48.90
16244,45.44
16245,58.04
16246,56.71
16247,74.08
16248,57.76
16249,46.89
16250,59.98
16251,61.44
16252,60.26
16253,64.47
16254,52.02
16255,61.48
16256,63.00
16257,45.01
16258,59.17
16259,74.38
16260,61.56
16261,50.57
16262,57.52
16263,45.12
16264,52.52
16265,58.95
16266,45.25
16267,45.66
16268,63.68
16269,47.75
16270,52.83
16271,59.18
16272,60.79
16273,60.81
16274,61.73
16275,61.36
16276,51.31
16277,47.63
16278,47.27
16279,53.29
16280,59.65
16281,54.67
16282,46.61
16283,57.70
16284,58.33
16285,45.84
16286,57.94
16287,55.35
16288,48.26
16289,50.90
16290,60.43
16291,57.86
16292,45.96
16293,63.13
16294,59.66
16295,47.82
16296,57.23
16297,58.74
16298,56.26
16299,46.64
16300,60.28
16301,57.10
16302,58.52
16303,46.15
16304,49.59
16305,47.49
16306,54.03
16307,49.17
16308,61.74
16309,59.43
16310,46.49
16311,57.19
16312,59.18
16313,59.86
16314,64.94
16315,62.46
16316,55.68
16317,57.99
16318,54.35
16319,59.61
16320,58.52
16321,50.31
16322,45.28
16323,47.22
16324,53.30
16325,54.59
16326,60.83
16327,47.33
16328,46.29
16329,63.85
16330,53.34
16331,47.05
16332,52.45
16333,64.18
16334,54.83
16335,56.85
16336,62.89
16337,50.63
16338,48.63
16339,50.36
16340,55.90
16341,57.23
16342,58.96
16343,59.08
16344,49.44
16345,64.03
16346,52.36
16347,59.84
16348,64.43
16349,55.30
16350,50.48
16351,62.86
16352,47.81
16353,62.41
16354,51.30
16355,64.75
16356,57.31
16357,48.28
16358,62.44
16359,56.27
16360,64.30
16361,46.39
16362,60.29
16363,64.61
16364,51.05
16365,54.38
16366,55.17
16367,68.12
16368,52.16
16369,61.72
16370,56.69
16371,51.29
16372,60.96
16373,61.95
16374,47.05
16375,45.64
16376,47.66
16377,57.86
16378,56.68
16379,46.90
16380,57.66
16381,63.16
16382,64.38
16383,63.13
16384,58.82
16385,55.88
16386,61.64
16387,59.67
16388,45.47
16389,61.90
16390,45.24
16391,45.78
16392,61.28
16393,54.81
16394,58.03
16395,53.69
16396,48.34
16397,50.88
16398,60.62
16399,45.43
16400,64.41
16401,60.23
16402,57.06
16403,59.44
16404,59.26
16405,62.19
16406,48.16
16407,56.21
16408,54.93
16409,60.66
16410,54.80
16411,63.14
16412,52.13
16413,47.76
16414,52.16
16415,60.55
16416,47.34
16417,45.47
16418,56.10
16419,51.48
16420,49.74
16421,49.50
16422,56.88
16423,52.79
16424,46.98
16425,64.26
16426,64.29
16427,63.68
16428,51.65
16429,49.47
16430,47.29
16431,61.79
16432,46.15
16433,54.13
16434,57.36
16435,63.26
16436,49.17
16437,46.38
16438,62.56
16439,59.85
16440,56.15
16441,49.99
16442,55.34
16443,56.67
16444,49.87
16445,62.04
16446,47.24
16447,48.53
16448,50.13
16449,49.95
16450,54.96
16451,61.26
16452,54.56
16453,61.77
16454,61.96
16455,62.37
16456,45.49
16457,49.11
16458,51.50
16459,48.46
16460,53.74
16461,55.54
16462,62.99
16463,51.96
16464,57.03
16465,51.86
16466,56.61
16467,56.30
16468,45.69
16469,63.30
16470,51.18
16471,57.33
16472,63.31
16473,57.18
16474,63.20
16475,45.38
16476,61.74
16477,51.55
16478,46.83
16479,48.76
16480,62.68
16481,66.07
16482,60.91
16483,60.47
16484,48.53
16485,58.49
16486,49.39
16487,48.26
16488,59.51
16489,48.67
16490,50.65
16491,59.35
16492,64.17
16493,50.99
16494,58.40
16495,52.54
16496,61.80
16497,56.09
16498,47.24
16499,64.92
16500,60.46
16501,61.86
16502,46.30
16503,47.33
16504,45.94
16505,52.91
16506,64.60
16507,60.01
16508,59.04
16509,61.21
16510,54.44
16511,49.55
16512,71.42
16513,59.32
16514,52.61
16515,70.13
16516,54.65
16517,52.44
16518,46.02
16519,52.00
16520,58.60
16521,48.03
16522,45.24
16523,62.08
16524,63.38
16525,45.53
16526,63.87
16527,60.93
16528,63.62
16529,52.71
16530,49.21
16531,50.85
16532,49.91
16533,61.54
16534,59.23
16535,49.33
16536,63.86
16537,50.41
16538,50.53
16539,61.10
16540,46.06
16541,57.38
16542,61.21
16543,46.69
16544,49.99
16545,52.94
16546,64.76
16547,45.63
16548,48.88
16549,57.00
16550,49.73
16551,47.32
16552,59.18
16553,50.98
16554,59.22
16555,56.12
16556,64.77
16557,55.60
16558,46.73
16559,46.04
16560,55.74
16561,57.83
16562,53.04
16563,53.71
16564,56.90
16565,49.18
16566,58.58
16567,46.00
16568,51.75
16569,53.00
16570,59.51
16571,56.68
16572,63.09
16573,61.30
16574,49.19
16575,64.13
16576,45.32
16577,58.47
16578,59.55
16579,48.46
16580,46.69
16581,47.67
16582,47.67
16583,63.14
16584,48.75
16585,45.65
16586,62.16
16587,49.76
16588,50.06
16589,51.24
16590,53.02
16591,59.04
16592,60.35
16593,58.93
16594,48.94
16595,52.04
16596,50.97
16597,53.54
16598,46.71
16599,57.63
16600,49.40
16601,63.86
16602,47.03
16603,54.96
16604,58.39
16605,48.45
16606,50.01
16607,57.36
16608,54.73
16609,55.26
16610,58.86
16611,55.29
16612,57.98
16613,56.71
16614,57.57
16615,61.17
16616,62.95
16617,45.76
16618,62.64
16619,50.46
16620,50.40
16621,56.41
16622,54.37
16623,64.69
16624,59.97
16625,66.46
16626,56.69
16627,53.64
16628,63.46
16629,59.06
16630,54.93
16631,63.06
16632,51.17
16633,56.52
16634,54.15
16635,58.93
16636,47.29
16637,52.23
16638,48.92
16639,48.10
16640,52.89
16641,62.45
16642,64.41
16643,49.27
16644,53.41
16645,52.26
16646,51.71
16647,62.83
16648,49.09
16649,60.45
16650,62.24
16651,62.84
16652,57.13
16653,46.75
16654,48.83
16655,56.23
16656,48.97
16657,61.74
16658,56.91
16659,54.93
16660,49.35
16661,52.75
16662,53.45
16663,56.17
16664,51.43
16665,60.72
16666,54.77
16667,47.75
16668,46.07
16669,61.87
16670,47.80
16671,59.50
16672,63.92
16673,50.72
16674,47.84
16675,58.23
16676,52.16
16677,61.14
16678,52.28
16679,63.58
16680,59.13
16681,60.99
16682,61.38
16683,47.66
16684,50.03
16685,63.02
16686,64.35
16687,52.01
16688,50.51
16689,63.68
16690,48.91
16691,62.77
16692,45.10
16693,53.75
16694,63.51
16695,48.91
16696,57.49
16697,53.54
16698,57.16
16699,62.50
16700,45.89
16701,48.08
16702,59.40
16703,56.82
16704,45.70
16705,59.40
16706,59.52
16707,53.62
16708,45.69
16709,51.49
16710,57.65
16711,60.19
16712,53.84
16713,58.28
16714,53.96
16715,53.18
16716,47.15
16717,50.30
16718,50.51
16719,51.05
16720,58.30
16721,61.29
16722,59.37
16723,55.67
16724,50.97
16725,50.19
16726,53.70
16727,49.90
16728,50.43
16729,47.09
16730,56.00
16731,60.91
16732,53.27
16733,53.51
16734,52.34
16735,53.12
16736,46.36
16737,51.49
16738,64.83
16739,54.30
16740,64.21
16741,63.74
16742,58.82
16743,45.42
16744,57.49
16745,63.24
16746,60.89
16747,54.74
16748,55.50
16749,62.31
16750,62.13
16751,57.29
16752,45.10
16753,63.64
16754,64.73
16755,53.44
16756,59.89
16757,56.43
16758,58.55
16759,64.84
16760,56.78
16761,49.82
16762,45.81
16763,59.41
16764,52.96
16765,51.09
16766,64.95
16767,51.25
16768,52.42
16769,61.18
16770,59.27
16771,52.70
16772,73.84
16773,60.24
16774,57.34
16775,55.54
16776,51.97
16777,56.81
16778,51.25
16779,57.09
16780,57.42
16781,59.65
16782,57.09
16783,53.41
16784,51.19
16785,63.98
16786,51.36
16787,53.31
16788,62.54
16789,70.91
16790,58.26
16791,52.42
16792,48.18
16793,53.69
16794,45.91
16795,49.00
16796,59.82
16797,56.46
16798,58.18
16799,47.16
16800,57.26
16801,49.87
16802,50.95
16803,51.67
16804,49.34
16805,48.01
16806,51.10
16807,61.88
16808,55.63
16809,48.52
16810,45.97
16811,57.95
16812,48.56
16813,53.16
16814,54.40
16815,45.79
16816,52.54
16817,51.87
16818,62.40
16819,61.48
16820,49.60
16821,58.16
16822,64.22
16823,58.67
16824,63.61
16825,45.52
16826,55.14
16827,46.60
16828,48.19
16829,57.74
16830,60.77
16831,73.71
16832,53.19
16833,53.53
16834,48.95
16835,56.75
16836,48.19
16837,48.28
16838,46.29
16839,62.16
16840,55.64
16841,49.71
16842,63.07
16843,57.93
16844,47.92
16845,62.48
16846,46.18
16847,45.89
16848,60.79
16849,46.45
16850,62.47
16851,53.59
16852,61.98
16853,63.00
16854,48.16
16855,47.89
16856,63.21
16857,50.26
16858,59.23
16859,50.74
16860,62.21
16861,55.85
16862,45.32
16863,59.88
16864,60.14
16865,63.16
16866,61.55
16867,53.20
16868,49.62
16869,60.37
16870,60.81
16871,52.34
16872,46.18
16873,55.06
16874,45.57
16875,57.46
16876,50.02
16877,45.50
16878,64.23
16879,60.57
16880,52.21
16881,60.83
16882,52.48
16883,48.17
16884,48.78
16885,58.44
16886,58.11
16887,60.18
16888,56.38
16889,45.29
16890,57.33
16891,48.09
16892,47.10
16893,70.99
16894,64.93
16895,62.20
16896,56.81
16897,62.55
16898,50.80
16899,54.90
16900,51.53
16901,53.52
16902,59.55
16903,47.74
16904,55.56
16905,59.40
16906,55.66
16907,64.82
16908,45.69
16909,61.84
16910,60.50
16911,47.04
16912,62.76
16913,60.39
16914,45.83
16915,45.48
16916,54.43
16917,62.21
16918,51.01
16919,46.87
16920,62.59
16921,63.21
16922,51.80
16923,60.85
16924,56.59
16925,62.09
16926,56.98
16927,51.75
16928,46.20
16929,61.59
16930,51.04
16931,64.99
16932,62.83
16933,46.08
16934,55.46
16935,45.75
16936,62.59
16937,60.62
16938,47.86
16939,53.57
16940,61.47
16941,63.79
16942,59.76
16943,61.45
16944,46.16
16945,48.77
16946,50.16
16947,58.31
16948,61.76
16949,60.97
16950,50.95
16951,46.64
16952,53.64
16953,52.79
16954,46.60
16955,47.23
16956,54.48
16957,54.61
16958,63.03
16959,65.53
16960,57.54
16961,52.55
16962,52.17
16963,53.37
16964,63.15
16965,63.15
16966,62.40
16967,57.30
16968,46.61
16969,45.87
16970,46.29
16971,47.52
16972,60.51
16973,51.79
16974,53.16
16975,45.03
16976,62.70
16977,63.06
16978,49.11
16979,50.27
16980,60.83
16981,45.73
16982,49.92
16983,55.92
16984,57.98
16985,61.19
16986,45.37
16987,46.38
16988,59.13
16989,46.20
16990,47.54
16991,57.01
16992,60.39
16993,50.28
16994,64.38
16995,47.99
16996,48.63
16997,49.80
16998,58.42
16999,45.79
17000,64.54
17001,50.00
17002,54.91
17003,49.18
17004,52.68
17005,53.81
17006,53.47
17007,46.21
17008,59.38
17009,48.34
17010,48.57
17011,60.38
17012,46.46
17013,52.46
17014,51.86
17015,61.25
17016,48.84
17017,57.96
17018,62.79
17019,55.22
17020,63.46
17021,47.70
17022,47.89
17023,55.84
17024,50.39
17025,64.81
17026,45.23
17027,56.01
17028,47.85
17029,52.23
17030,57.40
17031,62.94
17032,56.65
17033,58.24
17034,48.41
17035,55.79
17036,47.39
17037,62.27
17038,63.05
17039,59.20
17040,64.31
17041,50.96
17042,61.76
17043,56.27
17044,55.74
17045,59.18
17046,49.22
17047,51.69
17048,62.67
17049,60.34
17050,63.95
17051,62.68
17052,57.83
17053,52.52
17054,48.04
17055,58.38
17056,54.23
17057,46.03
17058,49.56
17059,61.24
17060,51.02
17061,49.76
17062,62.81
17063,47.51
17064,45.46
17065,49.44
17066,56.01
17067,61.24
17068,52.13
17069,58.42
17070,52.74
17071,63.16
17072,50.09
17073,58.25
17074,55.22
17075,58.22
17076,53.11
17077,60.11
17078,48.68
17079,61.61
17080,71.34
17081,60.30
17082,54.55
17083,68.14
17084,56.60
17085,47.32
17086,62.37
17087,50.35
17088,53.31
17089,46.70
17090,60.37
17091,51.31
17092,55.22
17093,48.91
17094,52.22
17095,58.49
17096,59.74
17097,58.91
17098,60.09
17099,63.08
17100,64.12
17101,51.83
17102,48.89
17103,48.44
17104,60.85
17105,55.60
17106,60.74
17107,59.16
17108,55.33
17109,55.03
17110,50.51
17111,62.81
17112,56.49
17113,52.84
17114,49.77
17115,62.06
17116,62.93
17117,48.72
17118,59.46
17119,60.34
17120,56.06
17121,48.04
17122,57.95
17123,58.82
17124,63.93
17125,63.56
17126,55.66
17127,60.65
17128,45.68
17129,53.50
17130,63.00
17131,48.47
17132,45.57
17133,52.04
17134,47.79
17135,54.06
17136,58.78
17137,60.73
17138,58.76
17139,57.60
17140,62.84
17141,52.24
17142,59.63
17143,56.36
17144,58.81
17145,51.99
17146,62.20
17147,49.60
17148,53.73
17149,57.14
17150,64.39
17151,64.33
17152,46.60
17153,52.12
17154,55.85
17155,61.66
17156,58.07
17157,64.23
17158,47.18
17159,64.51
17160,49.16
17161,62.77
17162,46.30
17163,61.69
17164,46.04
17165,57.75
17166,48.75
17167,61.56
17168,55.68
17169,51.86
17170,52.44
17171,49.02
17172,48.72
17173,64.33
17174,63.06
17175,62.23
17176,59.93
17177,59.80
17178,46.04
17179,57.50
17180,51.06
17181,53.20
17182,56.33
17183,52.66
17184,47.94
17185,58.88
17186,54.98
17187,64.25
17188,55.36
17189,47.69
17190,53.62
17191,45.71
17192,52.23
17193,48.27
17194,45.31
17195,61.11
17196,48.37
17197,48.74
17198,53.50
17199,49.63
17200,53.28
17201,52.76
17202,62.55
17203,50.18
17204,64.61
17205,46.93
17206,54.34
17207,54.30
17208,47.66
17209,61.82
17210,61.58
17211,73.02
17212,61.90
17213,48.84
17214,48.04
17215,70.50
17216,47.39
17217,55.96
17218,57.72
17219,47.53
17220,62.32
17221,63.80
17222,53.18
17223,54.76
17224,46.52
17225,59.56
17226,57.28
17227,63.64
17228,57.72
17229,64.67
17230,46.48
17231,56.79
17232,64.97
17233,55.58
17234,57.83
17235,48.89
17236,51.27
17237,46.90
17238,46.88
17239,47.41
17240,61.95
17241,61.54
17242,53.56
17243,60.03
17244,51.50
17245,50.44
17246,54.84
17247,47.80
17248,51.79
17249,58.05
17250,55.22
17251,69.78
17252,54.74
17253,50.93
17254,55.89
17255,54.35
17256,63.20
17257,48.29
17258,61.19
17259,56.28
17260,59.33
17261,51.40
17262,55.64
17263,53.07
17264,46.56
17265,50.97
17266,46.10
17267,63.18
17268,46.09
17269,47.39
17270,57.75
17271,58.00
17272,46.60
17273,52.99
17274,45.16
17275,63.70
17276,56.78
17277,53.14
17278,57.32
17279,59.18
17280,50.87
17281,62.23
17282,51.29
17283,63.18
17284,54.20
17285,55.76
17286,60.91
17287,55.32
17288,63.50
17289,45.46
17290,61.98
17291,61.08
17292,46.59
17293,51.79
17294,62.39
17295,53.97
17296,52.88
17297,46.60
17298,72.03
17299,49.49
17300,55.29
17301,48.35
17302,62.60
17303,47.30
17304,52.30
17305,45.26
17306,48.17
17307,54.77
17308,50.98
17309,63.64
17310,48.73
17311,49.78
17312,58.66
17313,60.13
17314,48.91
17315,51.95
17316,61.28
17317,59.21
17318,61.66
17319,54.27
17320,63.39
17321,53.26
17322,47.44
17323,63.59
17324,54.20
17325,51.07
17326,57.89
17327,50.31
17328,56.54
17329,60.00
17330,48.62
17331,46.18
17332,45.37
17333,56.96
17334,45.87
17335,59.44
17336,55.32
17337,53.50
17338,48.79
17339,54.66
17340,59.02
17341,55.32
17342,51.43
17343,54.61
17344,55.93
17345,50.76
17346,47.42
17347,64.92
17348,48.43
17349,45.57
17350,61.76
17351,56.92
17352,61.06
17353,63.65
17354,47.13
17355,52.41
17356,59.30
17357,60.87
17358,52.01
17359,55.82
17360,57.16
17361,58.68
17362,50.63
17363,63.62
17364,60.46
17365,45.01
17366,53.92
17367,57.26
17368,53.55
17369,60.56
17370,56.74
17371,51.97
17372,61.66
17373,57.76
17374,45.05
17375,73.87
17376,51.91
17377,60.07
17378,64.69
17379,62.70
17380,53.06
17381,61.34
17382,54.30
17383,45.46
17384,52.79
17385,62.05
17386,45.33
17387,55.18
17388,61.87
17389,48.37
17390,46.32
17391,49.33
17392,48.01
17393,48.66
17394,60.50
17395,59.04
17396,49.49
17397,55.18
17398,53.90
17399,58.96
17400,59.26
17401,51.04
17402,49.90
17403,48.08
17404,46.86
17405,51.55
17406,47.32
17407,52.23
17408,51.69
17409,60.10
17410,47.55
17411,61.56
17412,50.15
17413,51.45
17414,50.59
17415,62.26
17416,57.59
17417,63.59
17418,60.56
17419,48.03
17420,63.61
17421,64.64
17422,47.98
17423,48.90
17424,48.55
17425,50.22
17426,58.68
17427,48.57
17428,66.88
17429,49.66
17430,62.73
17431,48.97
17432,62.17
17433,55.93
17434,58.79
17435,48.25
17436,45.30
17437,57.45
17438,52.43
17439,49.58
17440,61.78
17441,57.15
17442,63.82
17443,56.66
17444,61.75
17445,63.87
17446,60.52
17447,48.08
17448,53.49
17449,51.14
17450,55.67
17451,49.63
17452,59.05
17453,54.67
17454,45.26
17455,52.23
17456,55.38
17457,64.61
17458,48.63
17459,49.91
17460,58.44
17461,63.95
17462,48.87
17463,60.23
17464,48.17
17465,55.67
17466,59.54
17467,62.35
17468,47.17
17469,59.09
17470,46.75
17471,46.77
17472,61.34
17473,59.55
17474,55.38
17475,58.52
17476,62.38
17477,52.78
17478,58.93
17479,62.56
17480,46.37
17481,46.87
17482,54.44
17483,64.10
17484,54.07
17485,48.92
17486,60.53
17487,49.05
17488,51.02
17489,59.47
17490,58.17
17491,49.28
17492,50.13
17493,47.76
17494,52.26
17495,53.00
17496,49.37
17497,54.87
17498,47.78
17499,64.10
17500,51.33
17501,51.81
17502,60.96
17503,52.21
17504,53.86
17505,58.01
17506,45.85
17507,46.94
17508,55.36
17509,46.80
17510,45.77
17511,52.21
17512,48.04
17513,64.53
17514,48.85
17515,60.21
17516,54.71
17517,57.66
17518,62.39
17519,58.68
17520,46.32
17521,64.19
17522,54.29
17523,62.48
17524,45.51
17525,53.53
17526,51.42
17527,49.81
17528,47.50
17529,45.97
17530,66.42
17531,48.19
17532,53.40
17533,61.48
17534,53.58
17535,61.25
17536,61.05
17537,46.70
17538,60.57
17539,46.53
17540,54.57
17541,47.31
17542,59.57
17543,51.24
17544,60.86
17545,72.29
17546,59.81
17547,53.59
17548,54.05
17549,61.01
17550,50.63
17551,64.11
17552,62.99
17553,56.97
17554,64.71
17555,46.09
17556,62.61
17557,57.86
17558,54.49
17559,56.37
17560,49.87
17561,51.80
17562,61.44
17563,58.73
17564,56.88
17565,47.10
17566,46.32
17567,48.08
17568,45.43
17569,59.37
17570,57.48
17571,51.32
17572,51.16
17573,56.68
17574,52.77
17575,56.89
17576,63.49
17577,59.82
17578,49.84
17579,57.00
17580,60.05
17581,61.81
17582,56.90
17583,46.76
17584,58.12
17585,55.86
17586,55.55
17587,47.61
17588,52.45
17589,58.79
17590,63.17
17591,60.98
17592,52.77
17593,49.93
17594,52.56
17595,61.60
17596,47.79
17597,60.47
17598,46.03
17599,57.45
17600,50.33
17601,47.16
17602,45.76
17603,49.92
17604,59.99
17605,64.80
17606,50.92
17607,57.60
17608,58.48
17609,52.42
17610,49.14
17611,54.72
17612,63.70
17613,56.50
17614,46.28
17615,55.21
17616,49.90
17617,55.54
17618,54.38
17619,51.47
17620,50.97
17621,60.12
17622,62.06
17623,57.50
17624,64.46
17625,48.79
17626,47.32
17627,62.21
17628,57.14
17629,50.83
17630,57.30
17631,63.73
17632,52.19
17633,55.79
17634,49.44
17635,52.68
17636,54.28
17637,48.90
17638,58.63
17639,47.57
17640,62.08
17641,52.85
17642,48.88
17643,54.56
17644,61.14
17645,58.16
17646,53.44
17647,58.23
17648,47.74
17649,62.36
17650,59.94
17651,46.43
17652,58.63
17653,53.97
17654,60.74
17655,64.46
17656,46.21
17657,53.94
17658,63.13
17659,50.59
17660,58.65
17661,45.34
17662,45.22
17663,52.00
17664,47.91
17665,54.99
17666,53.92
17667,51.08
17668,55.45
17669,46.05
17670,53.94
17671,45.79
17672,60.67
17673,46.84
17674,45.64
17675,54.39
17676,58.39
17677,54.75
17678,46.83
17679,47.13
17680,63.59
17681,60.93
17682,58.61
17683,64.14
17684,51.53
17685,51.50
17686,59.95
17687,52.54
17688,57.63
17689,47.28
17690,54.84
17691,63.82
17692,46.04
17693,54.52
17694,45.27
17695,55.97
17696,59.24
17697,60.07
17698,57.73
17699,60.44
17700,55.92
17701,57.67
17702,60.00
17703,54.47
17704,56.45
17705,56.10
17706,50.60
17707,54.65
17708,60.71
17709,50.07
17710,47.37
17711,50.53
17712,55.81
17713,64.80
17714,49.70
17715,50.79
17716,54.45
17717,64.84
17718,55.49
17719,48.09
17720,51.82
17721,53.86
17722,70.96
17723,47.46
17724,46.79
17725,47.77
17726,46.84
17727,55.62
17728,53.31
17729,50.68
17730,48.17
17731,50.00
17732,49.90
17733,47.70
17734,64.14
17735,47.81
17736,64.40
17737,48.12
17738,56.99
17739,54.82
17740,45.64
17741,48.08
17742,61.09
17743,64.37
17744,62.61
17745,61.14
17746,62.29
17747,64.10
17748,50.05
17749,63.05
17750,55.50
17751,47.40
17752,47.78
17753,63.11
17754,60.17
17755,50.76
17756,51.90
17757,53.69
17758,63.98
17759,60.97
17760,46.10
17761,63.90
17762,57.54
17763,55.25
17764,49.03
17765,56.60
17766,63.60
17767,54.25
17768,48.03
17769,58.06
17770,58.77
17771,61.59
17772,45.47
17773,51.78
17774,58.04
17775,50.86
17776,54.98
17777,60.62
17778,58.58
17779,63.39
17780,58.14
17781,70.50
17782,61.20
17783,55.24
17784,54.90
17785,52.72
17786,63.47
17787,63.27
17788,64.53
17789,51.76
17790,56.73
17791,55.67
17792,56.29
17793,45.76
17794,47.38
17795,50.54
17796,52.95
17797,46.56
17798,53.85
17799,49.10
17800,47.43
17801,49.23
17802,62.86
17803,57.63
17804,60.49
17805,69.53
17806,49.86
17807,50.28
17808,53.37
17809,50.73
17810,56.30
17811,54.39
17812,61.88
17813,55.71
17814,53.03
17815,63.54
17816,50.10
17817,45.88
17818,55.46
17819,52.31
17820,52.79
17821,55.86
17822,45.61
17823,60.79
17824,46.54
17825,55.91
17826,47.43
17827,62.72
17828,64.82
17829,51.78
17830,46.06
17831,53.62
17832,62.74
17833,59.84
17834,54.91
17835,54.91
17836,49.68
17837,58.33
17838,45.30
17839,53.46
17840,46.21
17841,55.42
17842,58.91
17843,54.17
17844,61.55
17845,57.92
17846,62.48
17847,59.17
17848,64.71
17849,47.65
17850,55.95
17851,45.36
17852,63.86
17853,46.75
17854,54.33
17855,47.83
17856,58.92
17857,62.46
17858,60.20
17859,55.73
17860,61.72
17861,56.69
17862,62.98
17863,47.91
17864,45.12
17865,64.72
17866,48.06
17867,56.89
17868,60.69
17869,46.22
17870,49.29
17871,51.90
17872,62.74
17873,55.94
17874,59.03
17875,54.38
17876,52.95
17877,62.94
17878,61.03
17879,48.16
17880,52.12
17881,49.83
17882,62.48
17883,56.79
17884,51.60
17885,48.23
17886,57.49
17887,61.37
17888,45.84
17889,60.57
17890,45.02
17891,50.35
17892,48.89
17893,46.23
17894,45.15
17895,59.77
17896,48.92
17897,59.83
17898,48.85
17899,55.87
17900,51.23
17901,59.96
17902,64.50
17903,61.38
17904,51.25
17905,49.69
17906,63.65
17907,58.08
17908,52.19
17909,65.51
17910,54.88
17911,47.90
17912,48.78
17913,55.27
17914,50.87
17915,59.51
17916,57.26
17917,56.90
17918,61.15
17919,45.06
17920,51.60
17921,54.22
17922,49.99
17923,60.62
17924,51.09
17925,60.35
17926,51.95
17927,48.54
17928,50.42
17929,46.43
17930,50.67
17931,60.28
17932,46.24
17933,45.91
17934,61.14
17935,59.79
17936,50.41
17937,53.74
17938,56.09
17939,53.81
17940,59.25
17941,52.88
17942,48.46
17943,60.60
17944,54.80
17945,57.36
17946,47.15
17947,46.92
17948,52.01
17949,58.01
17950,58.85
17951,47.82
17952,60.16
17953,48.62
17954,55.25
17955,62.00
17956,53.71
17957,53.73
17958,62.46
17959,48.24
17960,45.26
17961,48.61
17962,52.68
17963,51.37
17964,46.47
17965,56.20
17966,51.81
17967,58.45
17968,54.27
17969,48.85
17970,64.63
17971,60.80
17972,46.71
17973,45.26
17974,64.46
17975,64.54
17976,47.90
17977,49.83
17978,62.32
17979,46.83
17980,60.59
17981,45.42
17982,58.39
17983,61.61
17984,47.46
17985,53.04
17986,57.06
17987,50.47
17988,58.81
17989,58.49
17990,58.25
17991,49.57
17992,59.49
17993,52.92
17994,70.44
17995,61.56
17996,63.39
17997,51.57
17998,48.47
17999,54.59
18000,63.26
18001,55.15
18002,62.99
18003,51.42
18004,55.51
18005,61.07
18006,74.28
18007,45.51
18008,52.21
18009,45.76
18010,60.82
18011,56.15
18012,58.81
18013,47.74
18014,55.75
18015,64.14
18016,50.77
18017,56.53
18018,51.40
18019,45.98
18020,47.13
18021,54.43
18022,62.32
18023,55.03
18024,61.71
18025,61.21
18026,61.91
18027,58.67
18028,64.50
18029,46.07
18030,63.39
18031,53.94
18032,50.14
18033,64.76
18034,46.98
18035,57.77
18036,58.23
18037,45.73
18038,59.07
18039,49.65
18040,58.64
18041,64.46
18042,63.58
18043,60.60
18044,46.15
18045,55.02
18046,56.63
18047,62.58
18048,57.70
18049,64.68
18050,60.78
18051,45.93
18052,54.00
18053,52.87
18054,54.15
18055,48.26
18056,59.39
18057,53.95
18058,52.25
18059,45.86
18060,58.86
18061,50.23
18062,51.10
18063,53.26
18064,58.88
18065,56.67
18066,61.82
18067,62.55
18068,52.92
18069,50.86
18070,52.00
18071,57.46
18072,59.07
18073,48.93
18074,57.74
18075,64.62
18076,62.72
18077,48.00
18078,53.63
18079,56.25
18080,51.11
18081,49.26
18082,58.13
18083,59.41
18084,64.19
18085,48.01
18086,59.77
18087,50.84
18088,63.37
18089,51.40
18090,49.35
18091,61.63
18092,63.73
18093,46.39
18094,58.91
18095,55.23
18096,63.19
18097,54.52
18098,55.01
18099,50.52
18100,64.50
18101,58.36
18102,56.78
18103,48.75
18104,62.51
18105,60.43
18106,56.24
18107,47.38
18108,53.30
18109,64.57
18110,55.69
18111,62.71
18112,49.04
18113,58.90
18114,48.19
18115,47.81
18116,60.52
18117,47.81
18118,51.47
18119,63.51
18120,55.38
18121,54.64
18122,62.76
18123,54.44
18124,59.69
18125,52.28
18126,54.95
18127,62.21
18128,62.88
18129,60.68
18130,46.98
18131,60.66
18132,53.10
18133,45.45
18134,56.90
18135,58.19
18136,54.60
18137,64.81
18138,62.87
18139,47.87
18140,57.84
18141,60.38
18142,49.46
18143,49.91
18144,59.28
18145,48.58
18146,51.73
18147,47.57
18148,45.68
18149,53.51
18150,47.12
18151,56.32
18152,64.81
18153,58.68
18154,63.40
18155,53.68
18156,51.51
18157,54.27
18158,50.70
18159,61.19
18160,57.26
18161,49.67
18162,51.93
18163,49.11
18164,64.09
18165,55.15
18166,52.96
18167,48.80
18168,57.85
18169,50.21
18170,53.11
18171,63.17
18172,59.81
18173,57.29
18174,46.13
18175,51.75
18176,58.43
18177,58.26
18178,47.28
18179,61.54
18180,54.19
18181,57.55
18182,54.53
18183,59.63
18184,50.98
18185,51.15
18186,45.55
18187,48.28
18188,61.07
18189,51.02
18190,60.99
18191,55.83